  0.000000000000000E+000  0.000000000000000E+000
  1.999999955296516E-002  0.000000000000000E+000
  3.999999910593033E-002  0.000000000000000E+000
  5.999999865889549E-002  0.000000000000000E+000
  7.999999821186066E-002  0.000000000000000E+000
  9.999999776482582E-002  0.000000000000000E+000
  0.119999997317791       0.000000000000000E+000
  0.139999996870756       0.000000000000000E+000
  0.159999996423721       0.000000000000000E+000
  0.179999995976686       0.000000000000000E+000
  0.199999995529652       0.000000000000000E+000
  0.219999995082617       0.000000000000000E+000
  0.239999994635582       0.000000000000000E+000
  0.259999994188547       0.000000000000000E+000
  0.279999993741512       0.000000000000000E+000
  0.299999993294477       0.000000000000000E+000
  0.319999992847443       0.000000000000000E+000
  0.339999992400408       0.000000000000000E+000
  0.359999991953373       0.000000000000000E+000
  0.379999991506338       0.000000000000000E+000
  0.399999991059303       0.000000000000000E+000
  0.419999990612268       0.000000000000000E+000
  0.439999990165234       0.000000000000000E+000
  0.459999989718199       0.000000000000000E+000
  0.479999989271164       0.000000000000000E+000
  0.499999988824129       0.000000000000000E+000
  0.519999988377094       0.000000000000000E+000
  0.539999987930059       0.000000000000000E+000
  0.559999987483025       0.000000000000000E+000
  0.579999987035990       0.000000000000000E+000
  0.599999986588955       0.000000000000000E+000
  0.619999986141920       0.000000000000000E+000
  0.639999985694885       0.000000000000000E+000
  0.659999985247850       0.000000000000000E+000
  0.679999984800816       0.000000000000000E+000
  0.699999984353781       0.000000000000000E+000
  0.719999983906746       0.000000000000000E+000
  0.739999983459711       0.000000000000000E+000
  0.759999983012676       0.000000000000000E+000
  0.779999982565641       0.000000000000000E+000
  0.799999982118607       0.000000000000000E+000
  0.819999981671572       0.000000000000000E+000
  0.839999981224537       8.987573408627909E-004
  0.859999980777502       3.436771166297325E-002
  0.879999980330467       2.274663944149932E-002
  0.899999979883432       1.427147645655754E-002
  0.919999979436398       1.250421652849128E-002
  0.939999978989363       1.974638204457023E-002
  0.959999978542328       9.881826667742406E-002
  0.979999978095293       0.442740121890933     
  0.999999977648258        1.32799306968063     
   1.01999997720122        2.77877324424322     
   1.03999997675419        4.50443864316863     
   1.05999997630715        5.97321898368630     
   1.07999997586012        6.93421063820777     
   1.09999997541308        7.28941122288985     
   1.11999997496605        7.14893969482398     
   1.13999997451901        6.66908122589368     
   1.15999997407198        6.04915755165894     
   1.17999997362494        5.37403392375184     
   1.19999997317791        4.70576014997103     
   1.21999997273088        4.09748505389965     
   1.23999997228384        3.55979108535446     
   1.25999997183681        3.11759892737211     
   1.27999997138977        2.70951630739069     
   1.29999997094274        2.38306385580272     
   1.31999997049570        2.11135988168708     
   1.33999997004867        1.88511763233055     
   1.35999996960163        1.69720355852241     
   1.37999996915460        1.54507774027690     
   1.39999996870756        1.40270063890130     
   1.41999996826053        1.29082451827326     
   1.43999996781349        1.18642511671849     
   1.45999996736646        1.10985492437984     
   1.47999996691942        1.03868719020310     
   1.49999996647239       0.974815259503418     
   1.51999996602535       0.931781125254676     
   1.53999996557832       0.886653914271550     
   1.55999996513128       0.850678116553418     
   1.57999996468425       0.825056569646706     
   1.59999996423721       0.802259551524347     
   1.61999996379018       0.792624176997053     
   1.63999996334314       0.781473290528938     
   1.65999996289611       0.771656877624563     
   1.67999996244907       0.774114588339286     
   1.69999996200204       0.780622433466347     
   1.71999996155500       0.816958589494576     
   1.73999996110797       0.839452909055907     
   1.75999996066093       0.864532063279561     
   1.77999996021390       0.906442246120634     
   1.79999995976686       0.964684143535009     
   1.81999995931983        1.03288950712312     
   1.83999995887280        1.11558727254518     
   1.85999995842576        1.21255074982161     
   1.87999995797873        1.32290040044981     
   1.89999995753169        1.44000506263587     
   1.91999995708466        1.54011409775378     
   1.93999995663762        1.65180524818960     
   1.95999995619059        1.73596843294150     
   1.97999995574355        1.81976218773367     
   1.99999995529652        1.91361783428844     
   2.01999995484948        1.98822943987505     
   2.03999995440245        2.06230649642088     
   2.05999995395541        2.14898645176259     
   2.07999995350838        2.23940908299273     
   2.09999995306134        2.32885171559242     
   2.11999995261431        2.42526234212982     
   2.13999995216727        2.50712714678157     
   2.15999995172024        2.57388018670382     
   2.17999995127320        2.62902652867476     
   2.19999995082617        2.64071422371838     
   2.21999995037913        2.63413092350940     
   2.23999994993210        2.59391909554160     
   2.25999994948506        2.53507419653568     
   2.27999994903803        2.45817709586138     
   2.29999994859099        2.36716915341794     
   2.31999994814396        2.26928085320608     
   2.33999994769692        2.16298118111199     
   2.35999994724989        2.07095728376009     
   2.37999994680285        1.95903090245575     
   2.39999994635582        1.87042062169091     
   2.41999994590878        1.76809137184336     
   2.43999994546175        1.67994866194700     
   2.45999994501472        1.59952223994693     
   2.47999994456768        1.52321722991995     
   2.49999994412065        1.45596550742257     
   2.51999994367361        1.38735303327404     
   2.53999994322658        1.33894039220480     
   2.55999994277954        1.29169410857318     
   2.57999994233251        1.24296530497909     
   2.59999994188547        1.21023616010060     
   2.61999994143844        1.17178383551457     
   2.63999994099140        1.13404805590734     
   2.65999994054437        1.12223907609334     
   2.67999994009733        1.09261152193610     
   2.69999993965030        1.08724166083189     
   2.71999993920326        1.07977400112029     
   2.73999993875623        1.07906667407168     
   2.75999993830919        1.07815505627132     
   2.77999993786216        1.09267381172935     
   2.79999993741512        1.11306512257119     
   2.81999993696809        1.14083914796089     
   2.83999993652105        1.18161843837219     
   2.85999993607402        1.21932282454463     
   2.87999993562698        1.26366456971507     
   2.89999993517995        1.32300237721828     
   2.91999993473291        1.38055236856992     
   2.93999993428588        1.44027133304536     
   2.95999993383884        1.49791419113733     
   2.97999993339181        1.55937070530710     
   2.99999993294477        1.61501908411207     
   3.01999993249774        1.66634002613698     
   3.03999993205070        1.70804739929056     
   3.05999993160367        1.74162859709283     
   3.07999993115664        1.77408146657303     
   3.09999993070960        1.78866277283160     
   3.11999993026257        1.82524112235782     
   3.13999992981553        1.82827096633597     
   3.15999992936850        1.82933464511635     
   3.17999992892146        1.83772906398052     
   3.19999992847443        1.84128554860433     
   3.21999992802739        1.83297223558989     
   3.23999992758036        1.82179034795290     
   3.25999992713332        1.81030395593172     
   3.27999992668629        1.79115265745525     
   3.29999992623925        1.77536139938490     
   3.31999992579222        1.76383189858277     
   3.33999992534518        1.73738923157457     
   3.35999992489815        1.71261426440590     
   3.37999992445111        1.68449469415576     
   3.39999992400408        1.65616978845066     
   3.41999992355704        1.62308348143692     
   3.43999992311001        1.58408224602232     
   3.45999992266297        1.56427448916428     
   3.47999992221594        1.52862929048432     
   3.49999992176890        1.48560939643449     
   3.51999992132187        1.46197719332859     
   3.53999992087483        1.43206574122007     
   3.55999992042780        1.39925580713691     
   3.57999991998076        1.37199543174168     
   3.59999991953373        1.33749525273371     
   3.61999991908669        1.31600241023935     
   3.63999991863966        1.28514639102423     
   3.65999991819263        1.26525435350226     
   3.67999991774559        1.24077598288296     
   3.69999991729856        1.23305758979502     
   3.71999991685152        1.21795775717411     
   3.73999991640449        1.20482416019728     
   3.75999991595745        1.19986786973374     
   3.77999991551042        1.20181720955241     
   3.79999991506338        1.19677278579943     
   3.81999991461635        1.20483479823020     
   3.83999991416931        1.20229090952786     
   3.85999991372228        1.21104713228562     
   3.87999991327524        1.22590494875823     
   3.89999991282821        1.24132174060868     
   3.91999991238117        1.26629020523107     
   3.93999991193414        1.28650382145015     
   3.95999991148710        1.30543403266794     
   3.97999991104007        1.33133843431509     
   3.99999991059303        1.35903770872920     
   4.01999991014600        1.38584070304649     
   4.03999990969896        1.41064464599438     
   4.05999990925193        1.43623717195218     
   4.07999990880489        1.45153461289573     
   4.09999990835786        1.47627635739068     
   4.11999990791082        1.48801524769160     
   4.13999990746379        1.50131307775726     
   4.15999990701675        1.51182186271788     
   4.17999990656972        1.52827238880259     
   4.19999990612268        1.52429861734818     
   4.21999990567565        1.51981560215371     
   4.23999990522861        1.51936925711389     
   4.25999990478158        1.51831084931802     
   4.27999990433455        1.50735933572229     
   4.29999990388751        1.49701658975208     
   4.31999990344048        1.49352275337608     
   4.33999990299344        1.48265576583453     
   4.35999990254641        1.46790148266451     
   4.37999990209937        1.45468828906695     
   4.39999990165234        1.43291901355986     
   4.41999990120530        1.42223925285640     
   4.43999990075827        1.40359640810340     
   4.45999990031123        1.38570906123858     
   4.47999989986420        1.36670026563597     
   4.49999989941716        1.35147839662563     
   4.51999989897013        1.32882082984712     
   4.53999989852309        1.31993900862734     
   4.55999989807606        1.30219624723967     
   4.57999989762902        1.28714164093409     
   4.59999989718199        1.26741654362189     
   4.61999989673495        1.25589179171491     
   4.63999989628792        1.24939941033000     
   4.65999989584088        1.23418355597362     
   4.67999989539385        1.23004262898446     
   4.69999989494681        1.21152844683607     
   4.71999989449978        1.20305436617303     
   4.73999989405274        1.19365985957976     
   4.75999989360571        1.18332091453647     
   4.77999989315867        1.18724937839913     
   4.79999989271164        1.18064513789286     
   4.81999989226460        1.17592768508959     
   4.83999989181757        1.17854729580240     
   4.85999989137053        1.17294035905151     
   4.87999989092350        1.17187945528754     
   4.89999989047647        1.17754346820703     
   4.91999989002943        1.18476706438276     
   4.93999988958240        1.19312407459414     
   4.95999988913536        1.20086302736569     
   4.97999988868833        1.20923312430107     
   4.99999988824129        1.21497805513320     
   5.01999988779426        1.22171513009811     
   5.03999988734722        1.23284887740867     
   5.05999988690019        1.24150065882367     
   5.07999988645315        1.25238995564377     
   5.09999988600612        1.25604294181352     
   5.11999988555908        1.26957455564506     
   5.13999988511205        1.27966757179934     
   5.15999988466501        1.28379243187269     
   5.17999988421798        1.29539246272129     
   5.19999988377094        1.29779606444609     
   5.21999988332391        1.29937790046575     
   5.23999988287687        1.29896304749035     
   5.25999988242984        1.29912313336865     
   5.27999988198280        1.29466079899993     
   5.29999988153577        1.29311744946896     
   5.31999988108873        1.28754061851082     
   5.33999988064170        1.29019626137993     
   5.35999988019466        1.28171597488009     
   5.37999987974763        1.27492068339848     
   5.39999987930059        1.26553580002370     
   5.41999987885356        1.25761522065520     
   5.43999987840652        1.24439115048486     
   5.45999987795949        1.24429101764473     
   5.47999987751245        1.23744661423925     
   5.49999987706542        1.22423948454943     
   5.51999987661839        1.21627763698479     
   5.53999987617135        1.20401433395066     
   5.55999987572432        1.19369828655864     
   5.57999987527728        1.18328522883052     
   5.59999987483025        1.17427034456263     
   5.61999987438321        1.16861003064276     
   5.63999987393618        1.16192687883548     
   5.65999987348914        1.15468456992828     
   5.67999987304211        1.14575524257793     
   5.69999987259507        1.14052682567998     
   5.71999987214804        1.13598671117936     
   5.73999987170100        1.12631141082969     
   5.75999987125397        1.11731001356863     
   5.77999987080693        1.11435216934589     
   5.79999987035990        1.11237162745380     
   5.81999986991286        1.11295624918799     
   5.83999986946583        1.11140755263860     
   5.85999986901879        1.10725930442793     
   5.87999986857176        1.10374090002962     
   5.89999986812472        1.10438272166298     
   5.91999986767769        1.10499516429439     
   5.93999986723065        1.10755436373373     
   5.95999986678362        1.10821961406742     
   5.97999986633658        1.11385080349577     
   5.99999986588955        1.11517919688804     
   6.01999986544251        1.11653397019047     
   6.03999986499548        1.12423546150414     
   6.05999986454844        1.12630310557341     
   6.07999986410141        1.13384178612724     
   6.09999986365438        1.13477042201685     
   6.11999986320734        1.13369555612325     
   6.13999986276031        1.13602643725104     
   6.15999986231327        1.13808425764897     
   6.17999986186624        1.14522996632264     
   6.19999986141920        1.14969158845318     
   6.21999986097217        1.14909359920756     
   6.23999986052513        1.15311365728110     
   6.25999986007810        1.15466447796446     
   6.27999985963106        1.14765981960467     
   6.29999985918403        1.15040524198489     
   6.31999985873699        1.14568764674988     
   6.33999985828996        1.14461229350864     
   6.35999985784292        1.14342376450449     
   6.37999985739589        1.14115341466535     
   6.39999985694885        1.13488814991444     
   6.41999985650182        1.13095883999373     
   6.43999985605478        1.12885683143246     
   6.45999985560775        1.12352732191579     
   6.47999985516071        1.12242247584735     
   6.49999985471368        1.11604370129269     
   6.51999985426664        1.11311295472141     
   6.53999985381961        1.10636418816384     
   6.55999985337257        1.10342261179888     
   6.57999985292554        1.09546260625266     
   6.59999985247850        1.09261355080533     
   6.61999985203147        1.08425727122975     
   6.63999985158443        1.07540558089017     
   6.65999985113740        1.07212689081097     
   6.67999985069036        1.06788765720968     
   6.69999985024333        1.06838588290871     
   6.71999984979630        1.06307305605037     
   6.73999984934926        1.05741131264133     
   6.75999984890223        1.05531248389435     
   6.77999984845519        1.04713797157840     
   6.79999984800816        1.04912945950986     
   6.81999984756112        1.04486425857074     
   6.83999984711409        1.04419585009420     
   6.85999984666705        1.04630515464728     
   6.87999984622002        1.04552556687869     
   6.89999984577298        1.04341153279983     
   6.91999984532595        1.04485872608764     
   6.93999984487891        1.04471596407760     
   6.95999984443188        1.04579184973686     
   6.97999984398484        1.04265691297175     
   6.99999984353781        1.04687476583378     
   7.01999984309077        1.04600946943111     
   7.03999984264374        1.04667516397748     
   7.05999984219670        1.05081583964205     
   7.07999984174967        1.04613062159281     
   7.09999984130263        1.05345203303756     
   7.11999984085560        1.05208041314409     
   7.13999984040856        1.05686897392322     
   7.15999983996153        1.05886059193184     
   7.17999983951449        1.05783068875190     
   7.19999983906746        1.05437539464710     
   7.21999983862042        1.05377157331148     
   7.23999983817339        1.05844258790683     
   7.25999983772635        1.06382347397320     
   7.27999983727932        1.06106208112411     
   7.29999983683228        1.06305924001704     
   7.31999983638525        1.06012682363857     
   7.33999983593822        1.05341085744188     
   7.35999983549118        1.05401892485208     
   7.37999983504415        1.05296682403611     
   7.39999983459711        1.05079493440423     
   7.41999983415008        1.04825773501989     
   7.43999983370304        1.04352663991901     
   7.45999983325601        1.04341442702881     
   7.47999983280897        1.04054611091877     
   7.49999983236194        1.03637631749138     
   7.51999983191490        1.03555972608148     
   7.53999983146787        1.03123972813896     
   7.55999983102083        1.02768822363480     
   7.57999983057380        1.02369132133265     
   7.59999983012676        1.01978792931142     
   7.61999982967973        1.01652799251881     
   7.63999982923269        1.01844186008768     
   7.65999982878566        1.01607118091171     
   7.67999982833862        1.01101954771187     
   7.69999982789159        1.01049147130167     
   7.71999982744455        1.01251095949103     
   7.73999982699752        1.00712154428340     
   7.75999982655048        1.00240987599400     
   7.77999982610345        1.00086055255732     
   7.79999982565641        1.00360948701935     
   7.81999982520938        1.00724686620855     
   7.83999982476234        1.00231256875746     
   7.85999982431531        1.00013210602663     
   7.87999982386827        1.00025420607774     
   7.89999982342124       0.996107411923243     
   7.91999982297421       0.997815209110350     
   7.93999982252717       0.992019116538103     
   7.95999982208014       0.991334954024646     
   7.97999982163310       0.991259762331214     
   7.99999982118607       0.992721523214670     
   8.01999982073903       0.994223570702784     
   8.03999982029200       0.995019586308737     
   8.05999981984496       0.992295916376790     
   8.07999981939793       0.992628477810016     
   8.09999981895089       0.991965089422802     
   8.11999981850386       0.993959504994132     
   8.13999981805682       0.993910593983520     
   8.15999981760979       0.991768427762849     
   8.17999981716275       0.992010121211715     
   8.19999981671572       0.992235128705048     
   8.21999981626868       0.989970836483177     
   8.23999981582165       0.989533496655375     
   8.25999981537461       0.989603770310350     
   8.27999981492758       0.989543155596466     
   8.29999981448054       0.991839832488953     
   8.31999981403351       0.987756735591771     
   8.33999981358647       0.985393392591465     
   8.35999981313944       0.984154351050325     
   8.37999981269240       0.985144453884209     
   8.39999981224537       0.984921203569063     
   8.41999981179833       0.982649947705934     
   8.43999981135130       0.985997222346685     
   8.45999981090426       0.981699774558656     
   8.47999981045723       0.981366767112579     
   8.49999981001019       0.978671378368250     
   8.51999980956316       0.977884308268798     
   8.53999980911613       0.974035714005472     
   8.55999980866909       0.968627771283471     
   8.57999980822206       0.968917029001127     
   8.59999980777502       0.968606032299242     
   8.61999980732799       0.968365327408789     
   8.63999980688095       0.968876431764926     
   8.65999980643392       0.969277483850075     
   8.67999980598688       0.968331168221429     
   8.69999980553985       0.965393823034369     
   8.71999980509281       0.962596336735954     
   8.73999980464578       0.958368634104612     
   8.75999980419874       0.960811934996419     
   8.77999980375171       0.959987385874964     
   8.79999980330467       0.958412656908038     
   8.81999980285764       0.957921715549961     
   8.83999980241060       0.953838669012058     
   8.85999980196357       0.957496728508420     
   8.87999980151653       0.955194634531471     
   8.89999980106950       0.953562597392097     
   8.91999980062246       0.952919296404243     
   8.93999980017543       0.952008573836952     
   8.95999979972839       0.950922116463098     
   8.97999979928136       0.950576960984644     
   8.99999979883432       0.951632346896246     
   9.01999979838729       0.949308432432686     
   9.03999979794025       0.948746373126880     
   9.05999979749322       0.946450769506883     
   9.07999979704618       0.950823278632638     
   9.09999979659915       0.951568378117011     
   9.11999979615211       0.946869078070043     
   9.13999979570508       0.948839461368196     
   9.15999979525805       0.945490299547455     
   9.17999979481101       0.946489902061441     
   9.19999979436398       0.949031206897038     
   9.21999979391694       0.944365326875464     
   9.23999979346991       0.947558649934707     
   9.25999979302287       0.946301771169604     
   9.27999979257584       0.945735578408991     
   9.29999979212880       0.946037967635149     
   9.31999979168177       0.943828062800478     
   9.33999979123473       0.947775929367731     
   9.35999979078770       0.946269290281726     
   9.37999979034066       0.944782628780429     
   9.39999978989363       0.946098632971123     
   9.41999978944659       0.943891781290409     
   9.43999978899956       0.943629954213041     
   9.45999978855252       0.945585413858657     
   9.47999978810549       0.939768866343940     
   9.49999978765845       0.936371081129595     
   9.51999978721142       0.937481082080292     
   9.53999978676438       0.938304232372713     
   9.55999978631735       0.938536327204022     
   9.57999978587031       0.936789219394042     
   9.59999978542328       0.931421335398596     
   9.61999978497624       0.935573260077410     
   9.63999978452921       0.934676589338735     
   9.65999978408217       0.933529067548822     
   9.67999978363514       0.931709586739873     
   9.69999978318810       0.929331571269596     
   9.71999978274107       0.927416969754273     
   9.73999978229403       0.928916410913746     
   9.75999978184700       0.928891469412741     
   9.77999978139997       0.926256857196534     
   9.79999978095293       0.930371249937991     
   9.81999978050590       0.928186894493172     
   9.83999978005886       0.924957916891271     
   9.85999977961183       0.927645969676250     
   9.87999977916479       0.926978053788422     
   9.89999977871776       0.926252876363925     
   9.91999977827072       0.925113900198886     
   9.93999977782369       0.925984268648663     
   9.95999977737665       0.928600732115449     
   9.97999977692962       0.926975332505401     
