   1.19219752848096      -6.459929338383491E-003
 -0.141015559357194       0.190819676921086     
  0.612615134358844      -0.572668779030476     
 -0.965166799868449      -0.108797611899766     
 -0.418796685980804      -0.107781637534611     
  0.889374851665677       0.720729307650075     
  0.232637608357762      -0.277582270099288     
  0.717004557003632       0.757434807074894     
  0.375903673439464      -0.156848499097280     
 -0.408275330416935      -0.548948786399688     
 -0.260216844351531       8.766838080493779E-002
  0.790230793206545      -0.782735608466820     
 -0.239570592613697        1.16192002163671     
 -0.950002489350990       -1.06180442717861     
  0.146396688519383      -0.343152480186558     
 -0.685065282620368      -0.490325308338863     
 -0.729539157440795      -0.470166085047550     
 -0.356957922293108      -0.197533783454021     
  0.192842854226505       0.199555629953743     
  1.167809002014836E-002 -0.883131747475841     
   1.75438911650011      -0.242402085211489     
  6.357422693821320E-002  -1.18255229897769     
 -0.153533191759191      -0.362387058404284     
  -1.05819003033982      -0.388935099324515     
 -0.896470891763883       0.400622955425890     
  0.238471183837425       8.948062222166206E-002
 -0.265392181305519       0.631219112596719     
  -1.21612156591061       0.646017399913729     
 -5.555170326207644E-002  0.274468404347122     
 -0.201636880377198      -0.102275578138274     
  0.505200811216893      -0.962046538487037     
 -0.734731537383472      -4.984107253356237E-002
   1.05206866544443      -0.374793552492100     
 -0.505500188534204      -0.153416582216146     
 -0.167306018006006       1.503496319112488E-002
  0.261497289912478       0.134476622021527     
  -1.43798047471465       0.709423193267376     
 -0.129699390383693        1.33091658782934     
  0.328900017869229       0.400335226437750     
  0.254742657727380       0.502765718211686     
  -1.37688092509384       0.174960145070609     
  0.483722329119341      -0.252505080039405     
  0.527006227218434       0.112922120081454     
  0.824062276134579       0.641760497711035     
   1.24761668906842       0.965814253812988     
 -0.175641607802083        1.02047477371306     
  0.162435953302574      -0.200228673799437     
  0.391687910524642       0.226124433183871     
  0.652565714873815      -0.538226682822626     
 -0.777185458746560      -0.104253810964502     
 -0.159114796590157       0.688942444433563     
 -0.281297766982137        1.41486802561074     
  0.177733540843406      -5.657634640317079E-002
  -1.13732506136825       0.620952205843203     
 -0.139071212678365      -0.504972982456054     
  0.101460155176581      -0.406206205137946     
 -0.455973823775232       0.499867443063537     
 -0.951031835866339      -9.245655337613949E-003
  0.479978242025352       0.501924716083237     
  4.494704078091492E-002  0.153647662536212     
  0.804106381241842      -4.076407930872805E-002
  0.547732320126228      -0.888993369282952     
  0.113873833490460       0.117762280510485     
  0.895101724616253      -0.136035343451226     
 -0.642479629369139       0.254973842535557     
  8.760116657846961E-002  0.115297873330056     
 -0.272013677787001      -8.084928447688301E-002
  0.452265796499642       -1.16801025914190     
  0.297049894058331       0.297542238664493     
 -0.648637566537920       1.537276450177792E-002
 -0.699115577345371      -0.110210721881823     
 -0.474599829090204       0.767955920744358     
 -0.553221451136612      -0.257473990289578     
 -0.355523978055022      -8.901206508898658E-002
 -0.385009961959316      -0.457305788454149     
  7.478349728151414E-003 -0.224067196958858     
  0.318045139097676       0.340125457478273     
 -0.497485442028578       0.112613680191133     
 -4.964263098225723E-002 -0.320176748317698     
  0.242055355300570       0.481985205886190     
 -0.835581300654938      -0.705799165123992     
  0.649340553908004      -0.748973264336801     
  0.127730138653735      -0.521988657793402     
 -0.566314056072905      -1.996719155261323E-003
 -0.843901048991998       0.689674839850317     
  0.224810461826440      -0.118967341223353     
 -0.191501553131799       0.407811259099113     
 -0.793327945977230      -3.442792474352947E-002
  -1.18386463777484       0.319066028095287     
  3.882209812568316E-002 -1.248558468205887E-003
 -3.014284334022957E-002  0.739634114377018     
  0.107032783690575      -0.238546047759357     
  5.479005779585276E-002  0.823423499224932     
  0.906115369331601       0.329335572786206     
  0.346341384828881        1.50082455149943     
 -0.652879534967198      -0.653217594488550     
  0.282175163319768      -0.285032365551663     
  0.416893842573385       0.345330503856799     
 -0.302294318629032       0.589458628068173     
  -1.54130421963518      -0.259434413467023     
  7.324028935740547E-002  0.426945545284161     
 -0.415002036775754      -0.204776453149600     
 -0.477435273679194      -5.742464764889712E-002
 -0.549886764573127      -0.130553300664896     
  0.400717318968542      -0.267171188318869     
  0.480138608302008       0.380726258519312     
 -0.319660959868538       0.654209532968343     
 -0.120574792874156       8.033937593254054E-002
  -1.19743864770186      -0.931629524482589     
   1.01610645851719       0.750552521146257     
 -0.177048329302771        1.32167668256204     
   1.00907146188888       5.600133865357014E-002
  0.379173082132073      -0.274049075220092     
  4.829301726300739E-002  0.679578832262843     
  0.190101802471580      -0.947989932589558     
  8.550100056709005E-002  0.835968804435841     
 -0.740631345969535       -1.08267310889091     
   1.44328080984959       -1.22674246141892     
   1.04807403579561      -0.614392711798254     
 -0.214815745837877      -6.110596835277100E-002
 -0.745606082225521      -0.140364000564430     
  0.410167106541881      -5.452950082939670E-003
   1.87557966073786      -0.356812312890029     
 -0.839654492133333       0.369918772355047     
  0.720672990600083       0.166255825782982     
  0.289694975272900      -0.220988966702907     
 -0.128588818211518       0.946689245854810     
 -0.562455081842624       0.749636177305513     
 -0.501487368690959       8.869813493936581E-002
  0.729659254778225      -0.924400665023714     
  4.714900006698532E-002  -1.47234023653755     
 -0.590851639875609       0.615415225668186     
  0.540807994687348      -0.297403249464333     
 -0.552193643741381        1.49729886800223     
 -0.863764451848832      -0.722871190442316     
 -0.518717508274282      -0.273065700665447     
  0.725342019307765      -0.238057109025772     
  -1.03191596674269       0.954901971486438     
  0.373588989546662      -0.972567306588792     
  0.334904752776973       0.802527344651657     
 -0.175059475501098        1.67648587257377     
  0.282481959437905      -0.726524386307537     
  0.213949886367743       0.845325519464033     
 -0.104053863933112      -0.791792124356157     
 -0.510388906414930       0.228410373863205     
  0.218466372081783       0.245048721550618     
 -0.402933826268862      -0.220094428809396     
 -0.404434040308853       0.409109345386963     
  0.643129137586153       0.253140400159632     
  -1.73363874562716      -0.797491642201041     
 -0.616110545365296       0.888140740065224     
 -0.104464601996014       4.777473221078432E-002
  0.662739185709593       0.131928583038545     
  0.249472238137086       0.991822798585887     
  7.628629862899294E-002  -1.13815424905669     
   1.13503908067519       1.801857791622996E-002
 -0.524826380628208      -8.366442071633691E-002
  0.582126639723578       -1.18999894911044     
  0.345842983398939      -0.860482619722348     
  0.714639133889259      -0.275666756819646     
 -0.272475712515197      -0.513408430485874     
 -0.385049940268801      -0.968573541301669     
  9.891426198501643E-002  0.315511103997289     
  0.141515252916050       -1.53379522125517     
 -0.299685248753424       0.896051781941337     
 -0.362762697738601      -0.578810286409784     
  -1.22391801771600       0.273051838134797     
 -0.802686708935609      -0.354790394129122     
 -0.729020358231634      -0.464922160550115     
   1.49815658339730        1.31103028769116     
  0.764614720993877       -1.21103692840609     
 -0.100759307356379       0.204434052821739     
 -0.937732608664238       0.343993115705783     
  0.254079762243231        1.16642818654129     
 -0.347572278428602      -0.151145387637542     
  0.184662279842454      -0.644238535219816     
 -0.147697715815624      -0.327268186077964     
 -0.542204229531217       0.101032679374054     
  0.427019708897657      -0.709805268976087     
 -0.233625273087516      -0.252602602015437     
  0.311312514057724      -0.176737582321877     
 -0.183499542444621      -0.175140108126021     
  0.407486572405068      -0.212504430909134     
   1.03905910051954       0.136890691389671     
 -7.080899481511076E-002 -0.108567743503292     
  0.291073002868363       -1.37726921656576     
 -0.423961301169559      -0.510754724985693     
 -9.182732462995134E-002 -0.561502184299826     
  0.336446402901374       0.358531733573712     
  1.286897461970620E-002 -0.271818909055101     
 -0.167956860789936       0.120942243973132     
 -6.188836575147180E-002  0.564719742130576     
  -1.07936217352713       0.161225628943935     
 -0.680224355674391       0.931841631389816     
 -0.130732289868146        1.62309514371602     
  0.388363358691621      -0.557527235119784     
 -6.313571443220223E-002 -0.377986737975353     
  0.653630217376189       0.263033528287642     
 -0.850872253512252      -0.568726406701228     
  0.145020958703454       0.398400091500466     
 -0.309469317253753        1.13219557003538     
  7.644440564890650E-002  1.203838634449177E-002
 -0.375178494753527       0.358464729849577     
 -0.261038457805041       0.554361192671667     
 -0.207142159956081      -7.303485101263467E-002
 -0.166906828950606       0.234009198407248     
 -0.293724914107602       0.895100800521147     
 -0.231786042913425       0.640828844113544     
  0.985898389408400       3.877778463870649E-002
 -0.368850725745145      -0.799741010933340     
  0.533778259592133      -0.772535056627784     
   1.02688484994982       0.240113511845645     
 -0.393371164329341       0.506284372979976     
  9.973790834928623E-002  0.691926181005195     
 -0.650975019327023       0.118190677011901     
 -0.332299152435716      -0.150025472216470     
  0.153541394742096      -0.216387426902808     
   1.16380414669965      -0.736243451782993     
  0.316178131190781       2.866278866425230E-002
  -1.14933418640425      -0.595470754406998     
 -0.480251406415172       0.412860117274210     
  0.305165070880396       -1.84230661659137     
 -0.181522777745072       0.438460867238116     
  0.355229618210406       -1.28525082516097     
 -0.566755509592546      -0.532669693829629     
 -5.579507025466850E-002 -0.506096426193114     
  0.970010366333265       0.102254054108217     
 -7.986515985092765E-002  8.684017487849414E-002
   1.21195358778968      -0.364758195159293     
 -0.717638659727623       0.542737335644288     
 -0.502699279704931       0.917136753220742     
 -0.135495123017054       0.359732777602367     
 -9.774437003999044E-002   1.24084073363011     
 -0.858531740716801       0.371383039974006     
  0.202044046696537       0.379417604611151     
 -3.397697494366886E-002  2.039494545674663E-002
 -0.645053754996140      -0.386105743498243     
  0.913771740256125      -0.498282512404377     
  0.799733414838396       0.762962632061720     
  0.582034656629167      -0.129788233804594     
  0.672833960749108       0.685203034215925     
   1.25645860126789       -1.08985848080468     
  0.659216668015127       0.704106022031005     
  0.735316190501064       0.166182426299492     
  0.869451551006533      -0.865556484769996     
  0.235956730843969       6.618653495357125E-003
  0.675211955111368      -0.240446664332749     
 -0.658767918269966       0.805133395226314     
  2.714992810758621E-002 -0.488369986747283     
 -0.565579252077005       0.242388315841185     
  9.272059636541759E-002 -0.506854116910912     
   1.03743491413609       8.973696202108122E-002
   1.18614366402569      -7.634175734045150E-002
  0.649949708798821      -0.144704254946011     
 -0.819785414356393       0.368942557642771     
 -0.618560055889872        1.12411856356321     
 -0.635086483885731        1.27457124018566     
  0.419121930642558      -0.368310703118074     
  0.377148930959330       0.324120920461493     
 -0.851119020059989      -1.361235566572341E-002
 -0.144896494453078       0.835008524770775     
  2.743598501552260E-002  0.288221464514045     
 -9.483340486881089E-002  0.300405740556316     
  -1.28105818521028       0.137979455145068     
 -0.579143128624613      -0.956543265593539     
  0.654443905062336      -0.303971813386658     
 -6.817113678253867E-002  0.138432449299612     
  0.157168443498019      -0.777051471049180     
  0.403792541144462       3.091739869486061E-002
 -8.416399057936688E-002 -0.507476273757158     
  0.233716074559343       1.129773044438698E-002
  0.601483156672400       0.321992595533541     
  7.849132801733710E-002  0.612978370924790     
 -0.347050974981861      -0.599460142856914     
  0.517039508396958      -2.763451668708232E-002
 -0.437505472449593       0.115471139241645     
  2.561327264234820E-002 -0.337842127284726     
 -0.315383473919247       0.198697459926147     
 -0.775390247171708       -1.34814209152464     
   1.14192168334539       0.527425060033870     
 -1.083820543793190E-002 -0.356595881291373     
 -0.242894214015993       0.112047842852251     
  0.690134139728948       0.188873277147015     
 -0.161217742172794      -0.186227056167972     
  0.292570202707043       0.228321726803687     
  0.717747746574552       0.994132046790698     
  -1.10256470424505       0.801099416827425     
  0.468109135216582       0.121309144933260     
  -1.94042092517101       0.193750473710380     
  0.582010468252909      -0.316237229650859     
 -1.375203739513181E-002   1.40179542701648     
  0.124420892475737       -1.10891510536280     
 -0.674742892780921      -3.773510941283002E-002
  0.910310050121308       0.101715834411225     
 -0.331098289632797       0.373600654224166     
  0.258908621874835      -0.444242505608124     
  0.611376217378487       -1.56886922394685     
 -0.135113654837997       0.624121203177904     
 -0.431990226278002      -0.243253238755800     
 -0.123004240152581      -0.222616841202175     
 -0.796140676044015      -0.448519077233701     
   1.54072683078734      -0.276696549928751     
   1.04052773895245       0.687653297856106     
 -1.687758902152738E-002  0.142074536580419     
  -1.31441698071690       0.898121884014698     
  0.290776396081647       9.060825512830308E-002
 -0.305635341981998       0.519622588047764     
 -0.621850763064288      -0.594946254830773     
 -0.460411595790316      -0.139599609875806     
   1.00547347270998      -0.196795784490424     
  0.352930833715586      -0.678668921907545     
   1.09173116323187      -0.361661220500272     
   1.03330012996872       -1.14006359248632     
   1.39065453180984       0.174234163916128     
  -1.27065749397553       0.313382213356203     
  0.735432684254334      -0.751023407885546     
  2.246131753468022E-002 -0.957161762339861     
 -0.393306405177077      -0.138197630312118     
 -0.939262829543750      -0.266437100274138     
 -0.312616688927360      -0.138731851725804     
 -0.344729069529728       0.226216125108194     
  0.616745893417433      -9.108545047061815E-002
  3.902556581458735E-002  0.434276590711173     
 -3.798184414209905E-002  2.346673633256701E-002
 -0.104998709513959      -0.194075838117642     
  0.263993029903505      -0.463919408382696     
  0.327848190839041      -0.236748950367922     
  -1.62966594551462       0.689351123529024     
  0.207150233320272      -0.846092790840519     
 -0.329526289840079      -0.829681745052336     
  -1.15094420633380      -0.257501722325653     
 -5.759023570490039E-002  -1.36091594378772     
 -0.250147843014386        1.27709858361705     
  0.211069496114272       4.483269604473765E-002
   1.17279743211917      -0.317946798713344     
 -0.260131536021544       0.485276430377467     
  0.704471613841555      -0.277611829446527     
  0.156501510833819       -1.34981368921991     
  0.766597503913500       0.546812191985133     
 -0.513916634090246       0.678380077500244     
 -0.332753327138629      -2.866094327153484E-002
 -0.277497811967814       0.589146228569765     
  0.657584825753065      -0.242760733279416     
   1.09331696673191       0.835448611911181     
 -0.243953127071173       0.123303302989615     
  0.733613274592232       0.686442105844874     
 -0.135780521848264       0.459778488362575     
 -0.474769833412629      -0.120213502343884     
  0.206988465164270        1.20486195568079     
  0.497794513192029      -0.588169817316754     
  0.614065817635343      -0.500383002865592     
  0.109821826608804      -0.172587151916583     
 -0.297932604958642       0.642965767654829     
 -0.587942950132132       0.731167328448557     
  0.669888915565340      -0.308652965047052     
 -0.482095042436312       0.778726172242371     
 -0.975322019543187        1.14497300082692     
  3.399065763279036E-002  0.887792010232977     
 -0.679551063200272      -0.236787593436910     
  7.860238435675242E-002 -0.692341463525094     
  0.844898778574000       0.393659152384659     
  5.315469732348651E-002 -0.956605019990245     
  0.658624060806940       0.671871549664180     
  1.599244392961424E-003  0.642390302251272     
   1.33449046020248      -0.159466306977783     
  0.268867150263198      -0.213380058101986     
  0.340339339510018      -0.354071969672823     
  0.346034710587132       0.664106059320736     
  0.173782248661061        1.07783870188495     
  0.233920346974930      -0.824423294693015     
 -0.132648890597339       0.349342707810822     
 -0.324177148247604       6.605944003602029E-002
  -1.04630007382131      -0.123848680395488     
  0.585457155140114       -1.11629455623983     
 -0.589126692536644      -0.262123463736103     
 -0.562199431720056      -7.677291591167076E-002
 -0.242261350311093       6.589852593959504E-002
 -0.356469996379141       0.449412189076314     
  0.144907853385011       0.249123846762027     
 -0.681486166916443      -0.621332757756417     
   1.22079601304995       0.112894846113311     
 -0.173307780951475      -0.654775775648789     
  -1.31847800886642       0.798245535155060     
  0.378875643024839      -0.995775137836027     
 -0.431727798687724        1.00846501491034     
 -0.570550462789078      -0.241977981914235     
  5.742547147161721E-002   1.10719054592159     
 -0.799944872341413       0.231896733039302     
   1.65720779673937       0.604355875248243     
 -0.106086724341140       0.122517501565132     
   1.04752645917431      -0.885334483517043     
  0.519175219012872      -0.186508292825878     
  0.257823736200978      -0.746053094587089     
  0.299349010583694      -0.782246714831030     
  4.044169617613013E-002  1.935215232312472E-002
 -0.118526154108933       0.220318663704765     
   1.09648026398429      -9.031864145572825E-002
 -7.528153554079269E-002 -0.187538575191301     
  -1.37168739913587      -0.911950812070448     
 -0.733484769345922       -1.16977406870452     
 -0.365189565656212       0.617386239512505     
   1.58951668184788       0.162728114074049     
  0.720880572660998       0.499331389751738     
  0.429573924058142       0.465351224012473     
 -0.567825064745845       0.164548370630759     
 -0.563624979550121      -0.484934805761891     
 -4.717198620191419E-002 -0.231000147928072     
   1.18662640966435      -0.276166705672538     
  0.223910634013871       0.505039613267785     
 -0.814866393411301      -0.101631748357446     
 -0.176550574831971        1.49983758205174     
 -0.852422807491446      -0.108352632366381     
 -0.451759169851676       0.879845642901967     
 -0.701362387074181       0.616184420011524     
  0.175491713218054      -1.001824235387826E-002
 -0.237225308932544      -0.295976085253844     
  -2.02661530477066       0.124706751240193     
  0.982744510436924       5.289960770636645E-002
  0.418485296193715      -0.392519753913456     
  0.407083980375656       0.359196176212288     
  8.882613000727622E-003  0.178465459109103     
 -0.138135230839963      -0.849230017391457     
  0.252921302013852       -1.57874165993179     
  4.458907609876234E-003  0.531964639364504     
 -9.933024294742629E-002  0.644400308771615     
  0.700360726146540       5.752706028257595E-002
 -0.519814911658155       0.829424781756602     
  -1.14105211397357       0.713859808863088     
  0.138907652291577       0.590331685151846     
  -1.43869209580245       0.102241264540330     
  0.138192640885902       0.529371965439009     
  0.457337025562919       0.127822266831053     
 -0.176055367278585      -1.037866896882890E-002
 -0.127253141258687       0.779933200365778     
  0.711441720384983      -0.125671578456196     
 -0.455781073634194      -3.543439615566031E-002
 -0.723715223211678        1.18523531168759     
  0.262758337599768       4.272877270905875E-002
 -0.164903286152449       0.480577664782176     
  0.984767763729026      -0.293360084903782     
 -0.510736509607728       8.858085932927290E-002
 -0.875496738337908        1.27101439452657     
 -0.568292409203639       0.504208798346859     
   1.04657969713969      -0.455358273813500     
 -0.384727621534883       0.869740834363339     
  2.442800257241624E-002  7.688945585683199E-002
  0.444302457889582       0.196410644175699     
  0.235394864900896      -0.640846327986769     
  3.993805484704217E-002  0.996484055674601     
 -0.442091506444453      -0.282171811160569     
  1.491256833443130E-003  -1.33546853584631     
  3.007137057528372E-002 -0.762397235511203     
 -0.159023322197481      -0.200115432083513     
 -6.089152772494557E-002 -0.286478938566572     
  0.414220068642142       6.581044714895186E-002
  0.414714822427296       -1.55827005173953     
  0.178409471768353       0.179141237484354     
 -0.842138081394067      -0.232317374114567     
 -0.694486437687545       0.108715559194227     
 -0.258691920001585      -0.310866545100287     
  0.569414080521669       0.352710516923053     
  2.212958760537598E-002 -0.315966011271628     
  0.886691310518445      -0.750657763813228     
 -0.682896967574350       0.750166843523827     
   1.29400083309314      -0.633861496441830     
  0.472166595944342      -0.200619059169986     
  -1.03138455963685      -0.103990982349705     
 -9.932425725639051E-002  -1.32414403612921     
  0.249643649072903       0.111515784073667     
  0.539938929140594      -0.198663475116018     
  0.288623309957975      -0.410186909708869     
 -2.342223245535576E-002  0.686020537717418     
 -0.414570523610845       0.522913856681525     
 -0.569370800931503      -0.914695041452568     
 -0.188435682252296        1.55537315526622     
  0.178072969457311       0.140327500045999     
  0.449642285110929      -0.835971013772991     
   1.78535835575242       8.857307511249188E-002
 -0.227799409829857      -0.449612193509956     
  0.112394718973167      -0.916057026701218     
 -0.514710928767017      -0.652321518877670     
 -0.348668289404561       0.531495640717312     
  0.771908033427645       0.520104435836912     
 -0.609766270860751      -0.572645723199518     
  0.185768206254868       0.354282246946486     
 -8.846437654930223E-002 -0.917453565651621     
  0.241334089248361      -0.258267878163945     
 -0.853643351625095       0.506198877249463     
  0.454973100100592      -3.753923840633323E-002
  0.530448764137025      -0.124999405777547     
  0.667778462423891       0.333621042280535     
  7.159262236957881E-002  0.128309237177525     
 -0.645444373625168      -0.534092384626763     
  0.537594859190927       -1.20484928204149     
  0.292219709565355      -0.581768514799722     
  0.794589171947531      -0.151491384739414     
 -0.268052090500997      -0.597076881145244     
 -0.416340641199985      -2.701203157516447E-002
 -0.570246014136292      -0.569164471357197     
 -9.388383835741890E-002 -0.904913951380110     
