  -1.04229494220906      -0.971256066795793     
 -0.337263403860567       0.311612010737425     
  0.883815337406611       0.654359454620886     
 -0.371585639089708       0.808437454425348     
  0.549431626922305       0.643169334978513     
 -0.352210340150575       0.720150912322488     
 -0.862459013006190       0.754350727056995     
  0.359662078497594       0.446888215410289     
 -0.441944090536444      -0.922781505316693     
  0.774083028363555      -0.826899757233670     
 -0.961668964444593      -0.852167362972266     
  7.534622038362017E-002  0.830686542997301     
 -0.891014178250079       0.801362263601175     
 -0.858651373152324       0.253315908193519     
  0.662288444164449      -0.780061538896164     
  0.946853280202730       0.534283746269586     
  -1.00296568192732      -0.682489647958249     
  0.947190909795101       0.485168019463904     
 -0.606348198713546       0.296368196738556     
  3.574106229748121E-002 -6.209021256569204E-002
  0.636157152187710      -0.971376541757491     
  0.936470166504364       0.149324438434363     
  0.491840098804983      -0.132583252236981     
  0.376714419493789       0.566835249435619     
 -0.164893013521985      -0.604710361132574     
  0.419928595191766       0.309245109268386     
  0.401852659865038      -0.599275002184498     
 -0.425792652361269      -0.496239124372752     
  0.462296112954229       7.737215499795634E-002
  0.231152159839837       0.239803765656110     
 -5.272749749656634E-002 -8.082684119151969E-002
 -0.797265806216556       4.757644940912630E-002
 -0.653981551425731       0.913593740550552     
  0.136164681698194      -0.986970311403494     
 -0.413610243866625       8.438911860113706E-002
  0.310271105813348      -0.988450394443366     
 -0.510983869259072      -0.100456860590183     
  0.632604338964152      -0.564310837944233     
  0.204735258226514      -0.931303578460962     
  4.149245173058494E-003  0.597150971111762     
 -0.378725737511965       0.761639152574970     
  0.363334740834055       0.469848393941816     
 -0.524151441056687       0.320382945390674     
  0.267652962616878       0.848673106743587     
  0.900219716283806      -2.031243994578603E-002
 -0.182694217991553      -0.387985696032076     
  0.165072842426221      -0.684799908248703     
  0.810615783888073       4.891386965740417E-002
  3.328609123701122E-002  0.107524589743274     
 -0.302862388983044      -4.603418466677213E-002
 -0.657039036061762       0.183356010670429     
  0.235830384238428      -6.665504005443219E-002
  0.450897622916054       0.299409221178751     
  0.907448501764386       0.756308915735341     
  0.525495553610436       0.933332422946231     
  0.245793733140671      -0.407268987747776     
 -0.566908449111141      -0.455254117774124     
  0.836463078347667      -0.581974566157831     
  0.310390570290013       7.397245028040277E-002
 -0.529227287124990      -0.677878321394163     
  0.645398296726333       0.711423917470048     
 -0.130310596557520       0.193520951802507     
  0.217768987788988      -0.642067861502881     
 -0.861189158350730       0.391238185738793     
 -0.528951314814789      -0.432826096051473     
 -0.284481793815713      -0.712596066053334     
  0.694503940102100       0.902633904393706     
 -0.664181736599395       0.322074696639715     
 -0.639308562750567       0.898178901261279     
  0.160973084853362       0.451067508865491     
  0.804378118449886      -0.316013869721991     
  0.913526192986277       0.524699088042332     
  9.623960125649612E-002 -0.658151969709860     
  0.223041865400298       0.596381503056933     
 -0.732823794000791       0.175606773243553     
  0.275097928564680      -0.268361916634609     
  0.592717428779685       6.744161845396134E-002
  0.922146978876781       0.835815197851643     
  0.581969220785136      -0.914109840340601     
 -0.639815669775162       0.240401495958737     
 -0.832307705161232      -0.694750021193991     
 -5.160588133451535E-003 -0.603880035801698     
 -0.507560850742585      -0.883296263398686     
  -1.00159517923723       0.588476351980347     
  4.051680548672022E-002  0.859891777943260     
  0.396376306889571       5.869321342600640E-002
  0.507928327183195      -0.936013702521641     
 -0.539361812191900       0.207569823011492     
 -0.327272417959829      -0.578512968533486     
  0.779764087911669      -0.615054854744887     
  0.868180764654354       0.709472525584121     
  0.344518074342997      -0.545107484442244     
 -0.284888042326776       0.789848689096577     
 -0.263398074815439       6.401808212210268E-002
  0.409766579344011       0.783532286850848     
 -0.381322391612642      -0.714592528365721     
  0.618296529335530       0.214028740899843     
  0.546696683521017      -0.920559837089657     
  0.435881402743010       0.181383593245225     
  0.850100463287223      -0.606068209011012     
  0.737748023363100      -6.512060502695434E-002
 -0.364035759649723       0.739266505432152     
  0.247932928093848      -1.465762413754036E-002
  0.189602552877840       9.733190078530983E-002
 -0.411922734792079       0.718902627098709     
 -0.623080227130007      -0.758327631915848     
 -0.523468782513796       0.351882035379285     
 -0.560940159425098       0.675565199235007     
  0.308275219989657      -0.705286105562614     
 -0.346014674568198       0.206146199542296     
 -0.208591433205768       0.568222968555498     
 -0.239482552068315       6.700967475204821E-002
 -0.357388147418383       0.513557220224459     
 -0.636616701401964       0.500553827564732     
  2.861725363902125E-002 -0.113758434810427     
 -0.644356102199418       0.482920216461744     
 -0.456481153607786      -0.617405404051513     
  0.225837349427945      -0.362667478497482     
  0.487132930762273      -0.168482078811608     
 -0.896705448819305       0.345063536624610     
  0.899187142140653       0.601923175275078     
 -0.723853899966729      -0.621562281502779     
 -0.157498834458832       0.761953416214342     
  0.542783453103430       0.845146642499352     
 -0.959472544373554      -0.559653715453373     
 -0.116049663189901      -0.420267874668710     
 -0.220036531284034       0.116634706503688     
  0.717693711077777       0.752035290475467     
  0.359959837237645      -0.427970876584539     
 -1.146063821676856E-002  0.117409782983284     
 -0.114374496933926       0.247311147914010     
  0.135960071983098       0.265619017961256     
 -0.342188719323855       9.145724161801159E-002
  0.492558138293885       0.306767454914391     
  -1.03472035198623      -0.167829544829908     
  0.891417424929551      -0.887436489732982     
  0.428612637445364      -0.346687860030898     
 -0.909014023588127       0.635862044589720     
 -0.213821254841427      -0.912760129427820     
  0.764048040263392      -0.415939032222524     
 -0.804565080711631      -0.220828126966203     
  0.854316533741030      -0.205859281311761     
  0.153970170251776       0.455578102644597     
  0.913509803570960      -0.563458134793648     
 -0.314207070926018      -0.406679925264694     
  0.886931778489238      -7.465945335759468E-002
 -0.220321827064899      -0.601347628991374     
  0.748122740256800      -0.899768687499843     
  0.646596399493837      -0.375566726006181     
 -0.343995887521491      -0.482398123439326     
  0.905853032509565       0.865524983341629     
  0.705152810432942      -7.400120757431829E-002
 -0.248057354836200       0.456693803850082     
  1.797056074044547E-002  0.109806515474596     
 -0.818035133986260      -0.822037596619312     
 -0.129132958673081       0.309832749621841     
  0.214255335749920      -0.866340347820393     
  0.685595219993773       0.446272789046720     
  0.544203681901708      -0.518382825409313     
  0.748252123319277      -0.853322528042091     
  0.501047205364802      -0.935871564064677     
 -0.123842021785011      -0.282580570749635     
  0.735754852344822      -0.420573598079734     
 -0.588357661945000      -0.935304845873689     
  0.694600696139529       0.521470770899678     
  0.151300722113140       0.825373103492293     
 -0.913411218594736       0.463238798299476     
 -0.743022786150190       7.041744286077210E-002
 -0.742186122237620      -0.954125087712253     
 -0.374430314646370      -0.796249537071775     
 -0.476826255546058      -0.135729740581022     
 -0.810590387830594      -0.206958017544556     
 -0.747816160207787      -0.894082498226784     
 -0.624673470523787       0.708823252162884     
 -0.908033376268499      -4.815016081592223E-002
  0.902410406858139      -0.219460865278809     
 -0.634560285196463       0.815250630671298     
  0.740920110971763       0.100706750365008     
 -0.217895160761237       0.460280951213035     
 -0.835549521825139       0.919832354075157     
 -0.715594669346485      -0.208227270565609     
 -6.380337179418948E-002 -0.277609898012523     
  0.606241217506351      -0.516884882395721     
  0.853956039247224       1.531436677170917E-003
  0.425912311305546       0.255876166206539     
 -0.978334763716185      -0.740877838750655     
  0.839322768687472      -0.616963673080276     
  0.671806297689459      -0.570179552479302     
  0.142936681377523       0.671676798809564     
  6.995180796547952E-002  0.367624802673285     
 -0.529583149220126       0.266202663872030     
  0.730054242472447       0.841938000478189     
 -0.842323899171095       0.623161667986186     
  0.669351990662010      -3.331247053088617E-002
  0.342762713759592       9.380377040492381E-002
  0.554181904957378       0.321457697272255     
 -8.053323116028886E-002  0.594276939335064     
  0.583312714188163      -0.556100551121190     
 -0.839582143144905       0.394226689171636     
  7.007587224452229E-002 -0.324144956870153     
 -0.332502157639098      -0.593122140189344     
 -0.522792351725207       0.709190685941468     
 -0.600777618241541      -0.649193611037663     
 -0.586539432428707      -0.300720389219575     
  0.425820044243104      -0.373180928001356     
  0.354476439737946      -0.215963545844378     
 -0.160300834950791      -0.336007984107676     
  0.613395641533018       0.502390689121190     
  0.287176154655391       0.735049727173161     
  0.646863825056433       0.953073653440576     
  0.267870292336202       0.678479745407950     
  0.764483280847350       0.670491977633822     
 -0.629047341486915       0.261852804268471     
 -0.768302222479920      -0.636822618096098     
  0.891107888683754      -0.300947436359027     
 -0.719684352802656      -0.988468849532235     
 -4.714712230465622E-002  0.920697988640203     
  0.230091331231297       0.745370565191142     
  0.651104543894475       0.230381058843056     
 -0.923118564606213      -0.366361881628986     
 -0.438782046310823      -0.774634946487829     
  0.770404491244060      -0.516089187364829     
 -0.712119835765186      -0.467360950370170     
  0.930943821062437       0.130634280012880     
  6.311060170289175E-002  0.160356804133545     
  0.488847382068646       0.677927433846439     
  0.224694421937235       0.128242501054244     
 -0.759581477733526       0.756804248979482     
 -0.861980437981120       0.903631407721278     
 -0.282418489548178       0.907549341318053     
 -0.659181503682595       0.241079054579008     
 -0.138478809018944      -0.106769540339434     
  0.782859961665745       0.171055419199034     
 -0.951729192905583      -0.841928030583951     
 -5.155559562809085E-002  0.188249742189994     
 -0.889698661778300      -7.552952194959346E-002
  0.620261276387705      -0.783793156747899     
 -0.946018833948111       0.377222911993016     
  0.767016416883279      -0.391259326676392     
 -0.924615403071188      -0.824137657396354     
  0.882423407777206      -0.862127015455064     
 -0.296936568539407       0.599736242587482     
  0.762786809655314      -0.115385584866523     
  0.612218205745586      -0.380610025143181     
 -0.485611720694692      -0.326749156546629     
 -0.675835316832177      -0.410092192592954     
 -0.723863705862505       0.686786212711048     
  0.691302948896190       0.122157619090470     
 -0.298003255167173      -0.742564795550892     
  0.917556197289505       1.138534399669343E-002
  2.428116829688622E-002 -0.743220133744976     
 -0.102909545851551      -0.424337737717063     
  0.730275773388072       0.425254330615800     
  0.494521519095789      -0.507707828685252     
 -0.375383768277065       0.374678407301969     
 -0.704066057707002      -0.356682342116720     
  0.275950736023398       5.645311618713410E-002
 -0.189726230836813       0.637796408173019     
  0.799279090830460       0.912009660439946     
  3.817792285844847E-002  0.447905217839378     
  0.882821352615865       6.899887926732405E-002
 -0.624185053281359       0.347946877902133     
  9.840879224834344E-002  0.445431775857554     
 -0.796395183487603      -0.329008511674461     
  0.532262991671614      -3.273745518675243E-002
  0.612951023461686      -0.841113964283226     
  0.672077897439999      -0.397939843466917     
 -0.264618087878701      -0.229009980509918     
 -0.271874860535079      -0.108807642085780     
  0.515945606708235       0.483263785098409     
  0.857292898314955      -0.299800429675279     
  -1.01008260159242       0.787227480675249     
  0.266871529860459       0.323333119310119     
 -0.891031300616291      -0.698437170253674     
  0.142718226620485      -0.249668442704629     
  0.100724525921784       1.794853742123835E-002
  0.101862670139562       0.932940025996369     
  0.491731362233480       0.679674039997296     
 -0.584648986294475       0.901067325697615     
 -0.425544052553942      -0.494814670163786     
  4.331036074523832E-002 -0.561971794197150     
  0.393174471905375       0.908165006100210     
  0.174390451345214       0.123911994334552     
  0.243551270342365       0.551914102400046     
 -0.606759435388516       0.103339497873493     
 -0.807225932742563       0.852893038460940     
  0.574559328446882      -0.465887028029373     
  3.683962157898014E-002  0.433307933585333     
  0.102202446430552      -2.822260433198943E-002
  0.740521081142262       0.542054798997313     
 -0.829492106427823       9.379309651647359E-002
  0.398136987187733      -0.818171112077563     
 -0.924057423480263       0.226336296801727     
 -1.252798142697585E-002  0.228386041943362     
  0.435797811882017      -0.591802605060497     
 -0.485927264902655      -0.247878179875037     
  -1.03189428239270       0.679773973707475     
  0.639890455733373      -0.815035487611784     
  0.599032756279121      -0.200593763011726     
  0.152243396615930       0.273546808559204     
 -0.896242144691096      -0.360941822448770     
  0.869033661520042       9.505072849398087E-002
  0.247497012300997      -0.166006689434204     
  0.885639287106383      -0.785988908129304     
  0.514412461562574       0.659643504378244     
  0.226803889072654       2.380397773503174E-003
  0.393981296241474      -0.723926813547395     
  -1.01314158938314      -0.268013867404860     
 -0.321582070331310       0.506791803133349     
 -0.733043343993221      -2.803085059422168E-002
  0.903725855343367       0.530945567517714     
 -0.276465610457387       0.743644266529828     
  0.786138304802474       0.949887539182062     
 -0.148018162126440       0.475920292337063     
 -0.650829789001741       0.420404815499861     
 -0.797021445789756      -5.605811983018184E-002
 -0.345953536964045       0.133182807086286     
  0.344011673260942       0.193386258338499     
  1.499542830633517E-002  0.299973032711868     
 -4.959824780740293E-003  0.173612970788545     
 -0.557189401962374       0.105122935970989     
  0.927511958706431       0.331400874658056     
  0.548169136234733       0.924548675156493     
 -7.714381010701114E-002  8.399647391946040E-002
  0.656155554382698      -0.309959428037773     
 -2.055556510538924E-002  5.398586470670917E-002
 -0.417184285657789       0.648195938295057     
 -0.259987432645136      -0.306619347525129     
 -0.368020540789582       0.376137366082368     
  0.624552186063925       0.443450192355208     
  0.432841491233336       0.875750845079691     
 -0.948807015475162      -0.314254790367398     
  0.370025382032690       0.669212545256626     
  0.169726596323196      -0.553331396515093     
 -0.799779494373712      -0.617549572791770     
 -0.476608211502291       0.756670244694207     
  0.537272855395540      -0.247664981502817     
  0.841212834842078      -0.117628749882078     
  0.944566781677386       0.152245949969117     
  0.300110913495266      -0.743740108854094     
  0.853873290301872      -0.287259524373830     
  0.688015353069316       0.678761640929960     
 -0.320532909332447      -0.901177537398453     
 -0.899976261281398       0.818636404665229     
 -0.586483583805665      -0.965529956378994     
 -0.933764377404921      -0.959484809294438     
 -0.891001011210998      -0.118134967493579     
 -1.609906347488076E-002  0.125350612097793     
 -0.864011242814805       0.221911216133485     
  4.297654491896098E-002  0.461819545527296     
 -0.953101011554516       0.142778806960302     
 -0.619602825892268       0.626829388724871     
 -0.271074354291577       0.115886865622542     
 -0.268494287977933       0.439003884982005     
 -0.469484581657773      -0.991965555225065     
  0.369474649063006      -0.744134948663166     
 -0.913425845947672      -0.977171455494859     
  0.945939240144953       0.254935576003754     
  0.490484714274853      -0.928613757640200     
 -0.862249388118831       0.786243274771923     
 -0.384361108235406       0.727782111127617     
 -6.169015887922756E-002  0.374425203966974     
  0.629333045939592      -0.849333453504993     
 -0.229566824485166       0.244043345486598     
 -0.320798407988559       0.151957482103438     
 -0.413183066673837       0.250416411262655     
  0.370703477094785       0.262079974342509     
 -0.960997962335508      -0.769068762789872     
  0.150006881243821      -0.112045893646730     
  0.695642291073497      -0.514481639787060     
  0.530676540413640       0.969184426345244     
 -0.705817065288521       0.267006649536809     
  0.496933354086863      -0.390669106559303     
  0.164364735492972      -0.425280094638842     
 -0.629614933258512       0.894304532142301     
  0.133868491829755      -0.908790387285491     
 -0.161889461778385       0.636985630372435     
 -7.381947080914618E-002  0.803582525531068     
  0.891080208844419       0.404069879761868     
 -0.535454057019946      -0.805938029388305     
 -0.433311457291000       0.204052469896366     
 -0.265862899269138       0.508050727786641     
 -0.835066238032946      -0.999725937789632     
  0.933301373915101       0.342501706539022     
  -1.03051765811909       0.899248082902321     
 -0.398000366064734      -0.404027835116891     
 -5.908823721786026E-002 -0.656968388124514     
  0.890966907860796      -0.673309532990357     
 -0.605288074184900       6.239591836726897E-002
  2.189896998061394E-003  5.994965144792573E-002
 -1.350520147939303E-002  0.180227761348411     
 -0.632097957618685       0.883035819116068     
 -0.464651924412423      -0.847137199209378     
 -0.573143772272960       0.373790253356178     
  0.532651855183488      -0.627195672234348     
 -0.472190397944386       0.957390791024181     
  0.277886652121490      -2.438230392546193E-002
 -1.699082536446860E-002  0.356328328782649     
  0.165254490382332      -0.881199261085099     
 -0.231701869464786      -0.953131013514536     
  0.702659462361620      -0.435307828667184     
  9.267701659609841E-002  0.596755542706800     
  0.849276392719005      -0.676009337589513     
  0.611609542646822       5.588961571576877E-002
  -1.00078970345628      -0.333252884091108     
 -0.359971103626090       0.594496294681068     
 -0.507509469674110       0.338197346701647     
  0.828871679614340       0.869289032640664     
  0.775765103170662       0.615505621493783     
 -0.793143247072200      -0.208942844843557     
 -0.691296561133212       0.850562900020668     
 -0.299893784189117       0.617918777100320     
  0.460505529749658       0.784022878731574     
 -0.323089434604440      -0.199616534577405     
  0.471183126726450       0.520362126325620     
 -0.776833866826666      -8.198766497753159E-002
  0.300290748166252      -0.110466035221523     
  0.892572371138561      -0.891355654538249     
 -0.369687656692904      -0.528464879760292     
  0.467423818790830      -0.463433911232222     
  0.908814983934755       0.104831189849717     
  0.888440150453434       0.314561625863303     
  6.032505861280014E-002 -0.363260978732808     
 -9.756924513978203E-002 -0.709202844272479     
  0.340431022804526      -0.690759527321233     
 -0.140272873507437       0.958213677881359     
 -9.079571436607996E-002 -0.242104383877884     
  0.927043928115969       0.621751085827518     
  0.865968249465943      -0.775478165048939     
 -0.244620219331569       0.579590272324705     
 -3.051587882724104E-002  0.540956466027208     
 -0.769626864050645      -0.878555718616225     
 -0.297430354856690      -0.302857426298261     
  0.855136646188149      -0.798338260858668     
 -0.664895333679440       0.865896585720222     
 -0.967243184525364      -0.642860567919512     
 -0.508606263167937       0.851044166568085     
  6.049011971320019E-002 -0.219077614848314     
  0.883028108098258       0.312662985021413     
 -5.418906211763151E-002  0.357096279712944     
 -0.398049826745984      -1.065553716091462E-002
  0.261482677438309      -0.113146576343783     
 -0.704695372884676       0.607178808516914     
 -0.982830723623097       6.833426510003036E-002
 -0.781844106804927      -0.470346448424946     
 -0.724222478340802       0.683076445550423     
  0.755729497431314       -1.00932472604355     
 -0.436686380445184      -0.467318948651715     
 -0.418778573995539       0.736667581698271     
  -1.02798996007589       0.262021451892248     
  0.901837279304939       0.786315844361132     
  0.737291037327487      -0.363011016400501     
  0.696345991919472      -0.925981338888598     
 -0.904444854273372      -0.909700630340981     
  0.109864526030833      -0.902431985183952     
  0.473427817248442      -0.339855511577668     
  0.536630955255418      -0.438143288786606     
 -0.514252405568702       0.745959049322883     
 -0.525240698287942       0.644273027710246     
  -1.02355702183877       0.575401464477704     
  0.640843157786720      -3.328248481685791E-003
  0.702821794686769       0.570694598183519     
  0.206920210922238       0.584355454315530     
  2.436398616011194E-002 -0.259867834391429     
  -1.01487890745360       7.521351674252597E-003
 -0.599579058194634      -0.864597696996667     
  0.200284217871799      -0.624388031652654     
  0.614297104078928      -0.457757747647076     
 -0.391430224973507      -0.322648348441864     
 -0.604486455942200      -1.027238451929414E-002
 -0.815997205465920       0.184143497023823     
  0.734819326674398      -0.908039384564079     
  0.307675789091941       0.655837539042434     
  0.856945847463046      -0.569709404061221     
  0.542907616102670       0.446608405119606     
  0.155129008457980      -0.922685385372608     
  -1.03652789364423       0.105976327368984     
 -0.306728298898742      -0.693286878912422     
 -0.248430697856754       0.513116946773109     
  0.745182403898100       0.304599890943146     
 -0.180235032696266      -0.901549392165474     
  0.232916447150473       0.229707683723956     
 -0.764108664887600      -0.559852944917743     
 -0.716740144935860      -0.965262228136549     
 -0.259456891680991       0.355282502850057     
  1.343350063536676E-002  0.341034335121474     
 -0.346930238269767       2.293088801257569E-002
  0.589539066850589      -0.960428314536997     
  0.444926271041264      -0.887717335654408     
 -0.549919436189881      -0.230535631302524     
  0.655520353246120      -0.639428059225614     
  0.890519073001164       0.833002903450859     
  0.272826146799243       0.180023018454181     
  0.497207852113370       0.305756716561187     
 -0.533060148126497       0.132611097006101     
  0.905532024231841      -0.423935993082150     
  0.849182959640654      -0.161448036614378     
  0.751095274300824       0.387495782239893     
 -0.817537195832775       0.461620040391433     
  0.298397535072541      -0.431677020900205     
