  0.000000000000000E+000  0.965540004385236     
  1.999999955296516E-002  0.831142494617328     
  3.999999910593033E-002  0.940075213060790     
  5.999999865889549E-002   1.05800144907519     
  7.999999821186066E-002   1.03155983374491     
  9.999999776482582E-002  0.966504579814192     
  0.119999997317791        1.00879750246843     
  0.139999996870756       0.941489923689926     
  0.159999996423721       0.945567619032729     
  0.179999995976686       0.957163428291668     
  0.199999995529652       0.898341249501282     
  0.219999995082617       0.950777806515992     
  0.239999994635582       0.992278035275904     
  0.259999994188547       0.927814387608279     
  0.279999993741512       0.943221724632489     
  0.299999993294477       0.946715225852379     
  0.319999992847443       0.904128702075019     
  0.339999992400408       0.913094660347984     
  0.359999991953373       0.939444328591041     
  0.379999991506338       0.897525070292164     
  0.399999991059303       0.901360449014682     
  0.419999990612268       0.905332552028987     
  0.439999990165234       0.899991745235274     
  0.459999989718199       0.888107172609660     
  0.479999989271164       0.886936949531718     
  0.499999988824129       0.905206756966205     
  0.519999988377094       0.917293033401027     
  0.539999987930059       0.927921562655940     
  0.559999987483025       0.932778284552616     
  0.579999987035990       0.910689994823400     
  0.599999986588955       0.886919200569324     
  0.619999986141920       0.903730623326561     
  0.639999985694885       0.894042705666600     
  0.659999985247850       0.896018590259416     
  0.679999984800816       0.907260077380617     
  0.699999984353781       0.884243956964469     
  0.719999983906746       0.896500187723640     
  0.739999983459711       0.883345316832443     
  0.759999983012676       0.887960580599180     
  0.779999982565641       0.887372765193107     
  0.799999982118607       0.877251581789164     
  0.819999981671572       0.882574896104287     
  0.839999981224537       0.862682219819826     
  0.859999980777502       0.879071915069948     
  0.879999980330467       0.887452746344450     
  0.899999979883432       0.856988169572696     
  0.919999979436398       0.873355634357671     
  0.939999978989363       0.897968957230456     
  0.959999978542328       0.914129128429525     
  0.979999978095293       0.960502777145132     
  0.999999977648258       0.997160888001812     
   1.01999997720122        1.02333024683270     
   1.03999997675419        1.08821562608316     
   1.05999997630715        1.12023266196365     
   1.07999997586012        1.11836768932170     
   1.09999997541308        1.13540086843757     
   1.11999997496605        1.12779354202772     
   1.13999997451901        1.11915912596206     
   1.15999997407198        1.11934444201437     
   1.17999997362494        1.13494863014310     
   1.19999997317791        1.09321471570890     
   1.21999997273088        1.09829852013159     
   1.23999997228384        1.10848236635312     
   1.25999997183681        1.07339776553963     
   1.27999997138977        1.05881220516663     
   1.29999997094274        1.05252850910043     
   1.31999997049570        1.05177884969139     
   1.33999997004867        1.05333065842661     
   1.35999996960163        1.04376214318600     
   1.37999996915460        1.04332364455193     
   1.39999996870756        1.03755479545348     
   1.41999996826053        1.03476684094033     
   1.43999996781349        1.03864151741145     
   1.45999996736646        1.02739750485306     
   1.47999996691942        1.02678083363306     
   1.49999996647239        1.03208293314973     
   1.51999996602535        1.02379279499671     
   1.53999996557832        1.02290423860536     
   1.55999996513128        1.02143008513183     
   1.57999996468425       0.995502507804200     
   1.59999996423721        1.00692688055436     
   1.61999996379018        1.01091055539019     
   1.63999996334314        1.00746688303053     
   1.65999996289611        1.00613881091299     
   1.67999996244907        1.02198193584646     
   1.69999996200204        1.02312120893954     
   1.71999996155500        1.00013090589532     
   1.73999996110797        1.00276710408335     
   1.75999996066093        1.02860252903994     
   1.77999996021390        1.01236771655077     
   1.79999995976686       0.998308923239664     
   1.81999995931983        1.01215587921415     
   1.83999995887280        1.00975927040133     
   1.85999995842576        1.00627913132586     
   1.87999995797873        1.00893569154087     
   1.89999995753169       0.996759927431351     
   1.91999995708466       0.998030703160596     
   1.93999995663762       0.986270956296806     
   1.95999995619059       0.999148358417499     
   1.97999995574355       0.997690902979545     
   1.99999995529652       0.988713809093837     
   2.01999995484948       0.991569286157764     
   2.03999995440245       0.990746007179963     
   2.05999995395541        1.00521341115883     
   2.07999995350838       0.998030966202707     
   2.09999995306134       0.999432716377098     
   2.11999995261431       0.998965033686300     
   2.13999995216727        1.00808002400088     
   2.15999995172024        1.00289618827901     
   2.17999995127320       0.999212055318431     
   2.19999995082617        1.00447655371428     
   2.21999995037913       0.991851718889009     
   2.23999994993210        1.00312415009928     
   2.25999994948506       0.985919316091287     
   2.27999994903803       0.993571661501852     
   2.29999994859099        1.00063217713393     
   2.31999994814396       0.996187008250315     
   2.33999994769692       0.988927880105204     
   2.35999994724989        1.00063915417139     
   2.37999994680285        1.00793692857430     
   2.39999994635582        1.01115121429555     
   2.41999994590878        1.01121245247400     
   2.43999994546175        1.00209150757883     
   2.45999994501472        1.03014703230691     
   2.47999994456768        1.02391812372005     
   2.49999994412065        1.01914119196724     
   2.51999994367361        1.02035305158724     
   2.53999994322658        1.01534614035805     
   2.55999994277954        1.01665124248456     
   2.57999994233251        1.01031641512786     
   2.59999994188547        1.01391660348500     
   2.61999994143844        1.01996333058403     
   2.63999994099140        1.00838171306001     
   2.65999994054437        1.01481644202930     
   2.67999994009733        1.00561470696522     
   2.69999993965030        1.00868606840667     
   2.71999993920326       0.996710277038172     
   2.73999993875623        1.01164670988935     
   2.75999993830919        1.00878571648707     
   2.77999993786216        1.01178430882151     
   2.79999993741512        1.00246848290734     
   2.81999993696809        1.01487991219291     
   2.83999993652105        1.00020041479906     
   2.85999993607402       0.996187960262074     
   2.87999993562698       0.998141986357716     
   2.89999993517995        1.00867409392822     
   2.91999993473291        1.00703979229452     
   2.93999993428588        1.01258512734058     
   2.95999993383884        1.01544785157975     
   2.97999993339181        1.00028084985155     
   2.99999993294477       0.993528714672637     
   3.01999993249774        1.00602033822883     
   3.03999993205070        1.00325015984384     
   3.05999993160367        1.00411045378545     
   3.07999993115664       0.990057076938712     
   3.09999993070960        1.00381907172986     
   3.11999993026257        1.00533721553393     
   3.13999992981553        1.01576223171955     
   3.15999992936850       0.996132563889104     
   3.17999992892146        1.00092994426143     
   3.19999992847443       0.999453394700498     
   3.21999992802739        1.00545192577224     
   3.23999992758036       0.997109816193882     
   3.25999992713332       0.993639532018988     
   3.27999992668629       0.993920217614105     
   3.29999992623925        1.00554511462303     
   3.31999992579222        1.00358424968227     
   3.33999992534518        1.00484573328280     
   3.35999992489815        1.00965001012899     
   3.37999992445111        1.00406895979377     
   3.39999992400408       0.997246532195129     
   3.41999992355704        1.00383617987074     
   3.43999992311001        1.00982659799296     
   3.45999992266297        1.00828709645006     
   3.47999992221594        1.01448737070849     
   3.49999992176890        1.02125179262235     
   3.51999992132187        1.02310029166842     
   3.53999992087483        1.03565784528565     
   3.55999992042780        1.02929114513096     
   3.57999991998076        1.02902465128044     
   3.59999991953373        1.02514595637735     
   3.61999991908669        1.02133923147243     
   3.63999991863966        1.02527761417033     
   3.65999991819263        1.03960993555376     
   3.67999991774559        1.03495283891234     
   3.69999991729856        1.03340607560369     
   3.71999991685152        1.02510576961467     
   3.73999991640449        1.03010739749900     
   3.75999991595745        1.02728818317152     
   3.77999991551042        1.02136321667739     
   3.79999991506338        1.02909058815863     
   3.81999991461635        1.01828691765954     
   3.83999991416931        1.02528856238459     
   3.85999991372228        1.02122367275296     
   3.87999991327524        1.03209322935487     
   3.89999991282821        1.02347620374339     
   3.91999991238117        1.02485525729003     
   3.93999991193414        1.02955118342127     
   3.95999991148710        1.02019522925770     
   3.97999991104007        1.03263239004897     
   3.99999991059303        1.01845935460229     
   4.01999991014600        1.02683243015374     
   4.03999990969896        1.03224099071451     
   4.05999990925193        1.01968657643772     
   4.07999990880489        1.01734643090818     
   4.09999990835786        1.02625897153355     
   4.11999990791082        1.01609963849189     
   4.13999990746379        1.01966546947945     
   4.15999990701675        1.02401131779808     
   4.17999990656972        1.02026296983087     
   4.19999990612268        1.00407490732969     
   4.21999990567565        1.00514688529669     
   4.23999990522861        1.01454724494394     
   4.25999990478158        1.00890071951128     
   4.27999990433455        1.01300206203054     
   4.29999990388751        1.01071391397568     
   4.31999990344048        1.01692536563172     
   4.33999990299344        1.01471339452900     
   4.35999990254641        1.02694394914069     
   4.37999990209937        1.02228955832392     
   4.39999990165234        1.01866383209156     
   4.41999990120530        1.01257993117344     
   4.43999990075827        1.01308381889924     
   4.45999990031123        1.01607555689245     
   4.47999989986420        1.01901701140752     
   4.49999989941716        1.00779311341952     
   4.51999989897013        1.01824031755669     
   4.53999989852309        1.01574668544890     
   4.55999989807606        1.00877071321650     
   4.57999989762902        1.01103265991039     
   4.59999989718199        1.00181306216482     
   4.61999989673495        1.00816465509031     
   4.63999989628792        1.00827795613315     
   4.65999989584088        1.01250264149056     
   4.67999989539385        1.00612621230639     
   4.69999989494681        1.01539278499475     
   4.71999989449978        1.02016189204823     
   4.73999989405274        1.01023741442050     
   4.75999989360571        1.01378697536946     
   4.77999989315867        1.00383908597880     
   4.79999989271164        1.01713576573995     
   4.81999989226460        1.01593357865912     
   4.83999989181757        1.01712589608887     
   4.85999989137053        1.01645651475933     
   4.87999989092350        1.02056617241420     
   4.89999989047647        1.00692245125074     
   4.91999989002943        1.01499748449306     
   4.93999988958240        1.01970627347352     
   4.95999988913536        1.01331851124649     
   4.97999988868833        1.01533838554910     
   4.99999988824129        1.02888430815390     
   5.01999988779426        1.01108215520487     
   5.03999988734722        1.01997834953511     
   5.05999988690019        1.01683372852743     
   5.07999988645315        1.01467270997767     
   5.09999988600612        1.01350450859224     
   5.11999988555908        1.01925350590374     
   5.13999988511205        1.02433977334962     
   5.15999988466501        1.01972041145852     
   5.17999988421798        1.02131067774192     
   5.19999988377094        1.02926307864484     
   5.21999988332391        1.02384609924377     
   5.23999988287687        1.02150191484349     
   5.25999988242984        1.02304114608561     
   5.27999988198280        1.02280369313073     
   5.29999988153577        1.02888227407959     
   5.31999988108873        1.03738368159750     
   5.33999988064170        1.01004389202703     
   5.35999988019466        1.02916246563966     
   5.37999987974763        1.02321767799426     
   5.39999987930059        1.03792951823191     
   5.41999987885356        1.02251923359187     
   5.43999987840652        1.02223226152346     
   5.45999987795949        1.03001666980453     
   5.47999987751245        1.02649625198490     
   5.49999987706542        1.04375989425206     
   5.51999987661839        1.02572916230023     
   5.53999987617135        1.02484314454172     
   5.55999987572432        1.02516358072089     
   5.57999987527728        1.02147675157751     
   5.59999987483025        1.03888556347332     
   5.61999987438321        1.02923967480903     
   5.63999987393618        1.02492029211968     
   5.65999987348914        1.01941502953448     
   5.67999987304211        1.02979869719719     
   5.69999987259507        1.02325573837075     
   5.71999987214804        1.02222101532484     
   5.73999987170100        1.02276197387588     
   5.75999987125397        1.02670110775402     
   5.77999987080693        1.01857332771064     
   5.79999987035990        1.01780637900554     
   5.81999986991286        1.02898358825960     
   5.83999986946583        1.01481909130014     
   5.85999986901879        1.02076071527120     
   5.87999986857176        1.01153010926025     
   5.89999986812472        1.01848393389441     
   5.91999986767769        1.01005686836444     
   5.93999986723065        1.01841332810863     
   5.95999986678362        1.01139369060596     
   5.97999986633658        1.01469470383246     
   5.99999986588955        1.01544915931746     
   6.01999986544251        1.00769978880575     
   6.03999986499548        1.01043660616938     
   6.05999986454844        1.00445037333651     
   6.07999986410141        1.00778967526766     
   6.09999986365438        1.00801605428950     
   6.11999986320734        1.00308291655401     
   6.13999986276031        1.00654936006154     
   6.15999986231327        1.01016529712357     
   6.17999986186624        1.00371319385721     
   6.19999986141920        1.01074923535979     
   6.21999986097217        1.01670120899909     
   6.23999986052513        1.01485681691691     
   6.25999986007810        1.02261917845313     
   6.27999985963106        1.02341606362887     
   6.29999985918403        1.01537996838790     
   6.31999985873699        1.01357982266846     
   6.33999985828996        1.01924331102352     
   6.35999985784292        1.02054048904860     
   6.37999985739589        1.02882007724481     
   6.39999985694885        1.02306090262525     
   6.41999985650182        1.02172689815126     
   6.43999985605478        1.01536742875329     
   6.45999985560775        1.01045761350274     
   6.47999985516071        1.01058077229667     
   6.49999985471368        1.00434675562917     
   6.51999985426664        1.00895623870051     
   6.53999985381961        1.00519509927217     
   6.55999985337257        1.00460604333362     
   6.57999985292554       0.995889733549759     
   6.59999985247850        1.00077400398001     
   6.61999985203147        1.00234808636501     
   6.63999985158443        1.00137579468267     
   6.65999985113740        1.00087065251842     
   6.67999985069036        1.00579264538016     
   6.69999985024333        1.00415464696739     
   6.71999984979630        1.00194305240908     
   6.73999984934926        1.00565491022475     
   6.75999984890223       0.999267374480133     
   6.77999984845519        1.00205891536045     
   6.79999984800816        1.00433548309174     
   6.81999984756112        1.00081973907155     
   6.83999984711409       0.997448441202971     
   6.85999984666705       0.999749437174931     
   6.87999984622002        1.00199087585655     
   6.89999984577298       0.996603241752169     
   6.91999984532595        1.00412302154350     
   6.93999984487891       0.996546593821668     
   6.95999984443188        1.00017199880363     
   6.97999984398484       0.998797847608822     
   6.99999984353781        1.00219937468231     
   7.01999984309077        1.00535515345700     
   7.03999984264374        1.00635591104711     
   7.05999984219670        1.00555010202254     
   7.07999984174967        1.00679907213412     
   7.09999984130263        1.01114502213460     
   7.11999984085560        1.01080876035119     
   7.13999984040856        1.00671995539069     
   7.15999983996153        1.01311630849267     
   7.17999983951449        1.01342668023587     
   7.19999983906746        1.01170450414528     
   7.21999983862042        1.01526033230548     
   7.23999983817339        1.02017222623245     
   7.25999983772635        1.01319162272219     
   7.27999983727932        1.01789303044493     
   7.29999983683228        1.02831657898523     
   7.31999983638525        1.01767971468007     
   7.33999983593822        1.01700371247575     
   7.35999983549118        1.01967140159232     
   7.37999983504415        1.01195840219304     
   7.39999983459711        1.01495464387056     
   7.41999983415008        1.01319366558402     
   7.43999983370304        1.01053065080242     
   7.45999983325601        1.00634787223169     
   7.47999983280897        1.00036001833466     
   7.49999983236194        1.00816499075111     
   7.51999983191490        1.00211957403899     
   7.53999983146787        1.01111523521589     
   7.55999983102083       0.999010899190826     
   7.57999983057380        1.00322834288473     
   7.59999983012676       0.996436838361911     
   7.61999982967973       0.998163639404425     
   7.63999982923269       0.997412602676941     
   7.65999982878566       0.996942153617358     
   7.67999982833862        1.00008911441797     
   7.69999982789159        1.00249037441666     
   7.71999982744455        1.00453605448914     
   7.73999982699752        1.01006231695893     
   7.75999982655048        1.00701178219109     
   7.77999982610345        1.00232883695226     
   7.79999982565641        1.00470720102864     
   7.81999982520938        1.00246611994457     
   7.83999982476234        1.00822461744394     
   7.85999982431531        1.00963960859016     
   7.87999982386827        1.02121397781321     
   7.89999982342124        1.01547964729554     
   7.91999982297421        1.01140659994020     
   7.93999982252717        1.00774108937888     
   7.95999982208014        1.00791475908292     
   7.97999982163310        1.01043803289377     
   7.99999982118607        1.00704083211070     
   8.01999982073903        1.00232600430602     
   8.03999982029200        1.00455438446821     
   8.05999981984496        1.00636413545835     
   8.07999981939793        1.00909612922482     
   8.09999981895089        1.01070259154717     
   8.11999981850386        1.00223895539195     
   8.13999981805682        1.00617170874291     
   8.15999981760979        1.00157876199708     
   8.17999981716275       0.999858396844779     
   8.19999981671572       0.997732856186483     
   8.21999981626868        1.00613773012476     
   8.23999981582165       0.996213503026041     
   8.25999981537461        1.00088638694211     
   8.27999981492758       0.989717221319231     
   8.29999981448054       0.990667716642792     
   8.31999981403351       0.994950870315684     
   8.33999981358647       0.988501520314998     
   8.35999981313944       0.998587948920703     
   8.37999981269240       0.992312433484277     
   8.39999981224537        1.00354037669462     
   8.41999981179833        1.00109656601609     
   8.43999981135130        1.00002043681963     
   8.45999981090426       0.999024551419001     
   8.47999981045723        1.00654411723146     
   8.49999981001019        1.00839276965263     
   8.51999980956316        1.00131410552296     
   8.53999980911613        1.00393574724968     
   8.55999980866909       0.999599534205112     
   8.57999980822206       0.999087915346244     
   8.59999980777502       0.999576857675063     
   8.61999980732799       0.999793050266818     
   8.63999980688095        1.00284175314132     
   8.65999980643392        1.00259661152209     
   8.67999980598688        1.01180299552847     
   8.69999980553985        1.00525260470945     
   8.71999980509281        1.00404346893079     
   8.73999980464578        1.00081480341513     
   8.75999980419874        1.00649321544247     
   8.77999980375171        1.00660523954154     
   8.79999980330467        1.02057883164249     
   8.81999980285764        1.02131933683525     
   8.83999980241060        1.02933386250078     
   8.85999980196357        1.03228818908572     
   8.87999980151653        1.02710139998494     
   8.89999980106950        1.02380750529737     
   8.91999980062246        1.02131255499970     
   8.93999980017543        1.02723403327370     
   8.95999979972839        1.02790082743543     
   8.97999979928136        1.01882770035756     
   8.99999979883432        1.02175944287159     
   9.01999979838729        1.02102392125219     
   9.03999979794025        1.01923647964580     
   9.05999979749322        1.01707087804576     
   9.07999979704618        1.01143639212255     
   9.09999979659915        1.00819096753474     
   9.11999979615211        1.01201394583579     
   9.13999979570508        1.00998742931541     
   9.15999979525805        1.01149881533612     
   9.17999979481101        1.00193147258193     
   9.19999979436398        1.00184092614752     
   9.21999979391694       0.995577698377092     
   9.23999979346991       0.997244816646856     
   9.25999979302287       0.999362576465300     
   9.27999979257584        1.00056894006519     
   9.29999979212880        1.00426599835250     
   9.31999979168177        1.00355750947530     
   9.33999979123473        1.01316733468323     
   9.35999979078770        1.00560334114522     
   9.37999979034066        1.01034294084310     
   9.39999978989363        1.01225477167941     
   9.41999978944659        1.00567472984225     
   9.43999978899956        1.00514067413890     
   9.45999978855252        1.01154424284802     
   9.47999978810549        1.00580111852263     
   9.49999978765845        1.00687677789427     
   9.51999978721142        1.00699043202642     
   9.53999978676438        1.00490377212632     
   9.55999978631735        1.00271496315869     
   9.57999978587031        1.00345616699770     
   9.59999978542328        1.00103658091494     
   9.61999978497624        1.00126034597135     
   9.63999978452921       0.986364838050403     
   9.65999978408217       0.994463302356292     
   9.67999978363514       0.994173659920743     
   9.69999978318810       0.991317314175128     
   9.71999978274107       0.998428755085207     
   9.73999978229403       0.994987750250174     
   9.75999978184700       0.998424424434020     
   9.77999978139997       0.995994576917457     
   9.79999978095293       0.992071236596772     
   9.81999978050590       0.994823650902378     
   9.83999978005886       0.994581069279774     
   9.85999977961183       0.990146939264367     
   9.87999977916479       0.996920403198850     
   9.89999977871776       0.992981250670382     
   9.91999977827072       0.993278590436873     
   9.93999977782369       0.994811718030782     
   9.95999977737665       0.991943442731925     
   9.97999977692962       0.988895474906768     
   9.99999977648258       0.994583264553816     
   10.0199997760355       0.994377251456731     
   10.0399997755885        1.00143564721403     
   10.0599997751415        1.00603205712433     
   10.0799997746944        1.00358576545720     
   10.0999997742474       0.998179099760698     
   10.1199997738004       0.995202841268615     
   10.1399997733533       0.997161923004469     
   10.1599997729063       0.997256230879123     
   10.1799997724593       0.997412643510252     
   10.1999997720122       0.995916100141573     
   10.2199997715652       0.992444398607960     
   10.2399997711182        1.00099403295686     
   10.2599997706711       0.996523820184506     
   10.2799997702241        1.00449610319628     
   10.2999997697771        1.00681840642306     
   10.3199997693300        1.00390358763661     
   10.3399997688830        1.00943703999362     
   10.3599997684360        1.00524944473005     
   10.3799997679889        1.00782814236827     
   10.3999997675419        1.00297683537095     
   10.4199997670949       0.997259091693355     
   10.4399997666478        1.00309752556110     
   10.4599997662008       0.996296786329552     
   10.4799997657537        1.00630228156888     
   10.4999997653067       0.994372641565148     
   10.5199997648597        1.00095815154631     
   10.5399997644126       0.994213037586656     
   10.5599997639656       0.996668322698492     
   10.5799997635186        1.00221026573536     
   10.5999997630715       0.997320991986971     
   10.6199997626245        1.00638428397902     
   10.6399997621775        1.00132620565182     
   10.6599997617304        1.00157733793718     
   10.6799997612834        1.00284985416251     
   10.6999997608364       0.999233497730425     
   10.7199997603893        1.00799121173062     
   10.7399997599423        1.00028266541702     
   10.7599997594953        1.00196190686376     
   10.7799997590482        1.00405776296490     
   10.7999997586012        1.00007019860333     
   10.8199997581542       0.999565558505648     
   10.8399997577071        1.00316022413376     
   10.8599997572601       0.998708266007610     
   10.8799997568130       0.996893577419402     
   10.8999997563660       0.999850951449334     
   10.9199997559190       0.996846786949009     
   10.9399997554719       0.997283785351325     
   10.9599997550249        1.00308722404550     
   10.9799997545779        1.00085627928091     
   10.9999997541308        1.00457946459387     
   11.0199997536838        1.00096869373547     
   11.0399997532368        1.00101979471095     
   11.0599997527897       0.998827877115522     
   11.0799997523427       0.995926304823478     
   11.0999997518957       0.993684596356873     
   11.1199997514486        1.00208034024425     
   11.1399997510016       0.997075997826629     
   11.1599997505546       0.998957318574807     
   11.1799997501075       0.997475295262798     
   11.1999997496605        1.01047063344305     
   11.2199997492135        1.00831201029416     
   11.2399997487664        1.00433136983615     
   11.2599997483194        1.01257568075943     
   11.2799997478724        1.00486119087088     
   11.2999997474253        1.00473536916328     
   11.3199997469783        1.00417921040341     
   11.3399997465312        1.00803741310807     
   11.3599997460842        1.01248861372017     
   11.3799997456372        1.00298822692119     
   11.3999997451901        1.00211355984798     
   11.4199997447431       0.998494221796183     
   11.4399997442961       0.997574860138027     
   11.4599997438490       0.996834464226351     
   11.4799997434020       0.994766891729975     
   11.4999997429550       0.988963851313763     
   11.5199997425079       0.987846543186382     
   11.5399997420609       0.993870962698533     
   11.5599997416139       0.989841969600513     
   11.5799997411668       0.986952913109714     
   11.5999997407198       0.982373964197019     
   11.6199997402728       0.986195022857076     
   11.6399997398257       0.986933707826273     
   11.6599997393787       0.985705995229851     
   11.6799997389317       0.991453170635319     
   11.6999997384846       0.987114039449133     
   11.7199997380376       0.990550713397724     
   11.7399997375906       0.991546599780413     
   11.7599997371435       0.990204288250929     
   11.7799997366965       0.992907275525170     
   11.7999997362494       0.993211313049977     
   11.8199997358024       0.993855144639986     
   11.8399997353554        1.00166884861664     
   11.8599997349083       0.995395523559479     
   11.8799997344613       0.993248224550105     
   11.8999997340143       0.994226202280822     
   11.9199997335672       0.994213686709210     
   11.9399997331202       0.989690713033229     
   11.9599997326732       0.992150037647582     
   11.9799997322261       0.990742855960123     
   11.9999997317791       0.990391675907465     
   12.0199997313321       0.998482299895399     
   12.0399997308850       0.986936768879819     
   12.0599997304380       0.986804617135131     
   12.0799997299910       0.985312603935139     
   12.0999997295439       0.985157286168686     
   12.1199997290969       0.983471724024924     
   12.1399997286499       0.986952785018850     
   12.1599997282028       0.981372673874782     
   12.1799997277558       0.985951180094775     
   12.1999997273088       0.987829517675970     
   12.2199997268617       0.989042361872977     
   12.2399997264147       0.985002380611795     
   12.2599997259676       0.985143604606768     
   12.2799997255206       0.980225253247125     
   12.2999997250736       0.989949796231557     
   12.3199997246265       0.987328613344944     
   12.3399997241795       0.993152635733628     
   12.3599997237325       0.993691259143666     
   12.3799997232854       0.991975910633114     
   12.3999997228384       0.994002363477030     
   12.4199997223914       0.990533604880686     
   12.4399997219443        1.00199863132165     
   12.4599997214973       0.992716743054794     
   12.4799997210503       0.996504497438859     
   12.4999997206032       0.996522845681621     
   12.5199997201562       0.995110053369339     
   12.5399997197092        1.00281565675890     
   12.5599997192621       0.996518453125845     
   12.5799997188151       0.995044980036205     
   12.5999997183681       0.999331506486362     
   12.6199997179210       0.998799145601087     
   12.6399997174740       0.992707481032090     
   12.6599997170269        1.00082123493312     
   12.6799997165799        1.00252983785622     
   12.6999997161329        1.00028445150442     
   12.7199997156858        1.00293037289841     
   12.7399997152388        1.00426146648745     
   12.7599997147918        1.00606199188498     
   12.7799997143447        1.00458834057373     
   12.7999997138977        1.00558757986458     
   12.8199997134507       0.997883729661240     
   12.8399997130036       0.996495744552370     
   12.8599997125566       0.999127015475523     
   12.8799997121096       0.999782806269679     
   12.8999997116625       0.994551982624093     
   12.9199997112155       0.996312422362415     
   12.9399997107685       0.997993684705710     
   12.9599997103214       0.996602010508005     
   12.9799997098744       0.995255462057269     
   12.9999997094274       0.997338371466319     
   13.0199997089803       0.996361261472444     
   13.0399997085333       0.996053849161905     
   13.0599997080863       0.995990920050248     
   13.0799997076392       0.995603956200398     
   13.0999997071922       0.995728051563001     
   13.1199997067451       0.993378988300130     
   13.1399997062981       0.994119310744937     
   13.1599997058511       0.989032579525098     
   13.1799997054040       0.985529897751855     
   13.1999997049570       0.985387184350736     
   13.2199997045100       0.983304086264706     
   13.2399997040629       0.993735454150450     
   13.2599997036159       0.986312903110707     
   13.2799997031689       0.987391375671586     
   13.2999997027218       0.989176088243564     
   13.3199997022748       0.987636234916833     
   13.3399997018278       0.983756390688487     
   13.3599997013807       0.984602092630458     
   13.3799997009337       0.983860454205437     
   13.3999997004867       0.987061329392237     
   13.4199997000396       0.992543807049346     
   13.4399996995926       0.990263255937522     
   13.4599996991456       0.994417115556773     
   13.4799996986985       0.994712512113932     
   13.4999996982515       0.993514833739324     
   13.5199996978045       0.994234162877515     
   13.5399996973574       0.989665779929689     
   13.5599996969104       0.989575489687195     
   13.5799996964633       0.985753502281624     
   13.5999996960163       0.989808892271899     
   13.6199996955693       0.991376896781288     
   13.6399996951222       0.986309821973405     
   13.6599996946752       0.990098221817143     
   13.6799996942282       0.988783524345678     
   13.6999996937811       0.991620829440961     
   13.7199996933341       0.990315472030936     
   13.7399996928871       0.985317658980576     
   13.7599996924400       0.987253809139629     
   13.7799996919930       0.995447438479421     
   13.7999996915460       0.993252864120702     
   13.8199996910989       0.997018083080137     
   13.8399996906519       0.995348519139588     
   13.8599996902049       0.999742444307012     
   13.8799996897578       0.998830009362409     
   13.8999996893108       0.999811903325099     
   13.9199996888638       0.999054326539895     
   13.9399996884167       0.996656032255109     
   13.9599996879697       0.993300029525667     
   13.9799996875226       0.997901889237967     
   13.9999996870756       0.999529411791857     
   14.0199996866286       0.997726435805076     
   14.0399996861815       0.994191670543288     
   14.0599996857345       0.994739149140099     
   14.0799996852875       0.998741525839402     
   14.0999996848404       0.999423878029227     
   14.1199996843934       0.997716411210334     
   14.1399996839464       0.996891091701929     
   14.1599996834993       0.998426784994772     
   14.1799996830523       0.999270235083102     
   14.1999996826053       0.997923537101093     
   14.2199996821582       0.998280663411249     
   14.2399996817112        1.00726652209932     
   14.2599996812642        1.00728239474244     
   14.2799996808171        1.00628099750318     
   14.2999996803701        1.00738073855827     
   14.3199996799231        1.00049559866376     
   14.3399996794760        1.00194785353782     
   14.3599996790290        1.00121050046749     
   14.3799996785820        1.00143373966652     
   14.3999996781349        1.00281974023871     
   14.4199996776879        1.00176071415198     
   14.4399996772408        1.00035216576623     
   14.4599996767938        1.00016472928558     
   14.4799996763468       0.997817667186642     
   14.4999996758997       0.997985237301196     
   14.5199996754527       0.994581491852953     
   14.5399996750057        1.00108278586154     
   14.5599996745586        1.00493731651784     
   14.5799996741116        1.00039628289165     
   14.5999996736646        1.00175020560124     
   14.6199996732175        1.00002538908211     
   14.6399996727705        1.00121678540465     
   14.6599996723235       0.996351186798933     
   14.6799996718764       0.994330184274959     
   14.6999996714294       0.991557311859566     
   14.7199996709824       0.993560494952102     
   14.7399996705353       0.991896782750431     
   14.7599996700883       0.996465846929730     
   14.7799996696413       0.993382255661470     
   14.7999996691942       0.987720680150642     
   14.8199996687472       0.987232869999913     
   14.8399996683002       0.992598131418254     
   14.8599996678531       0.991976636266270     
   14.8799996674061       0.989682245544612     
   14.8999996669590       0.986831826328785     
   14.9199996665120       0.986462181673466     
   14.9399996660650       0.986462580980678     
   14.9599996656179       0.991722073844277     
   14.9799996651709       0.991510184330050     
   14.9999996647239       0.995999638467256     
   15.0199996642768       0.996170889713681     
   15.0399996638298       0.996990290680449     
   15.0599996633828        1.00116592898759     
   15.0799996629357       0.998629607867874     
   15.0999996624887       0.997012868580079     
   15.1199996620417        1.00101062415804     
   15.1399996615946       0.997973296085900     
   15.1599996611476       0.995972136623359     
   15.1799996607006       0.999997381937222     
   15.1999996602535       0.997189620383209     
   15.2199996598065        1.00153709805276     
   15.2399996593595        1.00148293115627     
   15.2599996589124        1.00192919674667     
   15.2799996584654       0.997246084492441     
   15.2999996580184       0.994876076036757     
   15.3199996575713       0.989556862913111     
   15.3399996571243       0.990465638890125     
   15.3599996566772       0.988168931397152     
   15.3799996562302       0.992806966072524     
   15.3999996557832       0.987655759775152     
   15.4199996553361       0.990893397562302     
   15.4399996548891       0.988141036814791     
   15.4599996544421       0.987425952757437     
   15.4799996539950       0.986644217337297     
   15.4999996535480       0.985563495736670     
   15.5199996531010       0.989008441335098     
   15.5399996526539       0.990574923830415     
   15.5599996522069       0.991142450597482     
   15.5799996517599       0.990571943259315     
   15.5999996513128       0.987603508719857     
   15.6199996508658       0.984690190012847     
   15.6399996504188       0.981919912755805     
   15.6599996499717       0.984878295180433     
   15.6799996495247       0.989560330172455     
   15.6999996490777       0.986929510571468     
   15.7199996486306       0.989634154260986     
   15.7399996481836       0.991348368291037     
   15.7599996477365       0.988920407537948     
   15.7799996472895       0.991928075825801     
   15.7999996468425       0.993069145754861     
   15.8199996463954       0.994515655284260     
   15.8399996459484       0.995576944099416     
   15.8599996455014       0.996709101516787     
   15.8799996450543       0.991534978327428     
   15.8999996446073       0.998171269823776     
   15.9199996441603       0.996092159073814     
   15.9399996437132       0.995448494927200     
   15.9599996432662       0.997942370094218     
   15.9799996428192       0.992918503708951     
   15.9999996423721       0.995150843349844     
   16.0199996419251       0.992651614196192     
   16.0399996414781       0.992882262152151     
   16.0599996410310       0.997139903596717     
   16.0799996405840        1.00051650458844     
   16.0999996401370       0.999597121067078     
   16.1199996396899       0.999232570298624     
   16.1399996392429       0.987595036499801     
   16.1599996387959       0.990756762027955     
   16.1799996383488       0.995326260451160     
   16.1999996379018       0.995786971460654     
   16.2199996374547       0.993866904366982     
   16.2399996370077       0.996006341903115     
   16.2599996365607       0.999020909594133     
   16.2799996361136       0.998523865462360     
   16.2999996356666       0.996095932458719     
   16.3199996352196        1.00331615685522     
   16.3399996347725        1.00016796730753     
   16.3599996343255        1.00492850389619     
   16.3799996338785        1.00394175904680     
   16.3999996334314       0.999181409336737     
   16.4199996329844        1.00585021625560     
   16.4399996325374       0.995893932443241     
   16.4599996320903        1.00172593154304     
   16.4799996316433        1.00500862930545     
   16.4999996311963        1.00515361576313     
   16.5199996307492       0.999771636804393     
   16.5399996303022        1.00305761738393     
   16.5599996298552       0.996007082719989     
   16.5799996294081       0.997044817039517     
   16.5999996289611       0.996898287701401     
   16.6199996285141       0.994142594961373     
   16.6399996280670       0.996007263474899     
   16.6599996276200       0.995588814583851     
   16.6799996271729       0.998998461730103     
   16.6999996267259        1.00440644855459     
   16.7199996262789        1.00802571794432     
   16.7399996258318        1.00582758468961     
   16.7599996253848        1.00310955588704     
   16.7799996249378        1.00254029056864     
   16.7999996244907        1.00118970233304     
   16.8199996240437       0.996658594694557     
   16.8399996235967       0.999921250832207     
   16.8599996231496       0.996389836791449     
   16.8799996227026       0.992018713540687     
   16.8999996222556       0.994779588352328     
   16.9199996218085       0.998097986008198     
   16.9399996213615       0.997364733759261     
   16.9599996209145       0.991956411610150     
   16.9799996204674       0.992418673666282     
   16.9999996200204       0.987116212789941     
   17.0199996195734       0.986735742319681     
   17.0399996191263       0.986798002225983     
   17.0599996186793       0.988917538111901     
   17.0799996182323       0.991950971396682     
   17.0999996177852       0.997203559933333     
   17.1199996173382        1.00046799579369     
   17.1399996168911        1.00319894140951     
   17.1599996164441       0.996542930534257     
   17.1799996159971       0.999796740823719     
   17.1999996155500        1.00375815309246     
   17.2199996151030       0.996367230485553     
   17.2399996146560       0.998601176696561     
   17.2599996142089        1.00244576617979     
   17.2799996137619       0.998107395834712     
   17.2999996133149        1.00140426734484     
   17.3199996128678        1.00264860705337     
   17.3399996124208       0.997578919310485     
   17.3599996119738       0.999673868787726     
   17.3799996115267        1.00147113245442     
   17.3999996110797        1.00446486131355     
   17.4199996106327        1.00034772976134     
   17.4399996101856       0.999936930011391     
   17.4599996097386        1.00397284151106     
   17.4799996092916        1.00355883591520     
   17.4999996088445        1.00002509086616     
   17.5199996083975        1.00139601879058     
   17.5399996079504        1.00555092294770     
   17.5599996075034        1.00493772270262     
   17.5799996070564        1.00153308990561     
   17.5999996066093        1.00298042963851     
   17.6199996061623        1.00051256592478     
   17.6399996057153        1.00332840813060     
   17.6599996052682        1.00899611993302     
   17.6799996048212        1.01129217798215     
   17.6999996043742        1.00710661510634     
   17.7199996039271        1.00900465455198     
   17.7399996034801        1.00685752495670     
   17.7599996030331        1.00747976574870     
   17.7799996025860        1.00929344947524     
   17.7999996021390        1.00709961141295     
   17.8199996016920        1.01104600065980     
   17.8399996012449        1.00990128768453     
   17.8599996007979        1.00860476177103     
   17.8799996003509        1.00168273736718     
   17.8999995999038        1.00315898468259     
   17.9199995994568        1.00211102371623     
   17.9399995990098        1.00117179688839     
   17.9599995985627       0.998250759332694     
   17.9799995981157       0.993873536329542     
   17.9999995976686       0.997907106813608     
   18.0199995972216       0.998188983463635     
   18.0399995967746       0.999369615205259     
   18.0599995963275       0.999467223595851     
   18.0799995958805        1.00225678937029     
   18.0999995954335        1.00245645251132     
   18.1199995949864       0.995152948883695     
   18.1399995945394       0.993740682380934     
   18.1599995940924       0.995163671232795     
   18.1799995936453       0.996227714472730     
   18.1999995931983       0.998868442600428     
   18.2199995927513       0.993878838943360     
   18.2399995923042       0.996981463627865     
   18.2599995918572       0.998695106937499     
   18.2799995914102       0.991709057069902     
   18.2999995909631       0.994630039987112     
   18.3199995905161       0.993625830786893     
   18.3399995900691       0.994069359606604     
   18.3599995896220       0.988239294419929     
   18.3799995891750       0.994641963656696     
   18.3999995887280       0.990506842158557     
   18.4199995882809       0.995822334455439     
   18.4399995878339       0.994420804302001     
   18.4599995873868       0.994125278169368     
   18.4799995869398       0.993440179123709     
   18.4999995864928       0.991420954509042     
   18.5199995860457       0.998161185392450     
   18.5399995855987       0.993046783693256     
   18.5599995851517       0.994788403862367     
   18.5799995847046       0.993038965430858     
   18.5999995842576       0.992177006236371     
   18.6199995838106       0.992746416121855     
   18.6399995833635       0.989229770040959     
   18.6599995829165       0.987351705220662     
   18.6799995824695       0.986948005117453     
   18.6999995820224       0.991405164110622     
   18.7199995815754       0.988760368248640     
   18.7399995811284       0.995667681943314     
   18.7599995806813       0.994098014900960     
   18.7799995802343       0.991639495582130     
   18.7999995797873       0.993309623313621     
   18.8199995793402       0.991172712770515     
   18.8399995788932       0.995175752909371     
   18.8599995784461       0.994227816904542     
   18.8799995779991       0.994511989926836     
   18.8999995775521       0.997298051030838     
   18.9199995771050       0.992130286574736     
   18.9399995766580       0.993121262534791     
   18.9599995762110       0.993584386677566     
   18.9799995757639       0.991940113874491     
   18.9999995753169       0.992386761852928     
   19.0199995748699       0.994728168377021     
   19.0399995744228       0.994441317198627     
   19.0599995739758       0.996213705349097     
   19.0799995735288       0.993585957114272     
   19.0999995730817       0.999791769970553     
   19.1199995726347       0.995834631108948     
   19.1399995721877       0.997819785555052     
   19.1599995717406       0.999728844589363     
   19.1799995712936       0.996077185748088     
   19.1999995708466       0.992295047152802     
   19.2199995703995       0.995919866803441     
   19.2399995699525       0.994901680442642     
   19.2599995695055       0.990378197099429     
   19.2799995690584       0.988471297592375     
   19.2999995686114       0.992211439110078     
   19.3199995681643       0.985580518509502     
   19.3399995677173       0.983761257953570     
   19.3599995672703       0.983435692144866     
   19.3799995668232       0.983061549387100     
   19.3999995663762       0.988925367876186     
   19.4199995659292       0.989147032369303     
   19.4399995654821       0.986869767469805     
   19.4599995650351       0.989321965808764     
   19.4799995645881       0.993462211222758     
   19.4999995641410       0.991938026145181     
   19.5199995636940       0.991737142072238     
   19.5399995632470       0.993577325779506     
   19.5599995627999       0.995131818183734     
   19.5799995623529        1.00187726935797     
   19.5999995619059       0.999297193122581     
   19.6199995614588       0.996868313630473     
   19.6399995610118       0.992295314184382     
   19.6599995605648       0.997187591806957     
   19.6799995601177       0.993119317488034     
   19.6999995596707       0.993882665962073     
   19.7199995592237       0.997494682128489     
   19.7399995587766       0.996801527743269     
   19.7599995583296       0.991048804158674     
   19.7799995578825       0.994202370567764     
   19.7999995574355        1.00100774966343     
   19.8199995569885       0.994123151816561     
   19.8399995565414        1.00942988716542     
   19.8599995560944       0.999976852072618     
   19.8799995556474       0.995343881779594     
   19.8999995552003       0.994855636621046     
   19.9199995547533       0.990950492968513     
   19.9399995543063       0.994897909170328     
   19.9599995538592       0.994108728920251     
   19.9799995534122       0.993501593658453     
   19.9999995529652       0.995992340004182     
   20.0199995525181       0.993588779152849     
   20.0399995520711       0.998746896646449     
   20.0599995516241       0.997497873417885     
   20.0799995511770       0.997471340113538     
   20.0999995507300       0.997629524697488     
   20.1199995502830       0.996922966702258     
   20.1399995498359       0.995269990286294     
   20.1599995493889       0.998954389299517     
   20.1799995489419       0.996493368447673     
   20.1999995484948       0.999497259516072     
   20.2199995480478       0.999128017987484     
   20.2399995476007       0.999430183456539     
   20.2599995471537        1.00179414529817     
   20.2799995467067       0.998500530859263     
   20.2999995462596       0.994748450203192     
   20.3199995458126       0.991546533154210     
   20.3399995453656       0.993888094154074     
   20.3599995449185       0.986437718096945     
   20.3799995444715       0.989721565053173     
