   1.25894794784794       3.159126260054292E-002
 -0.288139280318526      -0.539069388166219     
  0.212531984373971      -0.793843320616836     
  0.432130394582590       1.126097148972287E-002
 -0.866694271662547      -0.551387303980298     
  0.740190918451061      -0.545285616269643     
   1.59371248985618      -3.595823718752347E-002
  0.982476806350734        1.38612135564915     
  0.551825784417682       0.345289062091759     
 -0.220289252485833       -1.29109179806795     
  0.129611731595387       -1.83279301013304     
 -0.499364388304858      -0.531398166730064     
  -1.43570698574335       0.311098647719023     
  0.277085917729039      -0.185788707581853     
  0.227555473569879      -0.562517072094745     
 -0.582054964824605      -0.339456392779170     
 -0.868829533768464      -0.445925633313052     
  -2.31735910253108       0.117556102877470     
  0.848669323794280       0.143955341555933     
 -0.605995838516424      -0.813096184368538     
   1.16173725448184       2.910346570909797E-002
  0.450425639690033       0.472793465724359     
  -1.94550891714014       -1.09928594108806     
 -0.703590385561652       0.343301607004100     
 -0.754114441215330       0.443796040620175     
   1.30006252290504       9.634331282596778E-002
  0.695075710189214      -0.568372599278478     
 -0.996070318825531       0.368054566273744     
 -0.100682194835880        1.11998321101028     
  -1.22716220241669      -0.377141751203409     
  0.176614075053648      -0.128324378369865     
   1.69901542899003      -0.758952366026206     
 -0.361532443192706        1.03972893331674     
  0.504421038436100       9.165610728039511E-002
 -4.915489465829757E-002  -1.22712652340645     
  -1.02870786471502       -2.45907897002719     
  0.696766836437808       0.567315289985527     
  -1.85419099780189       0.497805952889907     
  0.139324701060270      -0.349936748409347     
  0.637239195164796       0.189754186035962     
   1.22295049520944        1.38283875994354     
  -1.19254581226136      -0.175088251341554     
  1.474982576268694E-002 -0.686467103500303     
   2.11809642184036       -1.49589170846921     
  0.876301707177302      -9.433201200368936E-002
 -0.191627286973609       0.752341369618686     
  4.660753123140002E-002 -0.826421055143495     
   1.04333306479901       0.740439128239854     
   1.88295232509881      -0.899719495178880     
  0.636784818803867      -0.356810156572286     
 -4.566659375369325E-002 -9.707887519544078E-002
  0.575699930024167       0.158167821184487     
  -1.35205947625283       -1.16086633196445     
 -6.141543305048938E-002 -0.931061131307989     
  0.767611438044047        1.36335433940132     
  0.805702179970801       0.690073528242503     
   1.55902595100267       -1.06331175446737     
  0.933538188318645       -1.69708327861193     
  0.453399368231867       0.108054385132773     
  -1.03181462549977      -0.474974527400827     
 -0.543656378829932       -1.23081025841682     
 -0.725900768345937       -1.46699856617173     
  0.849920526968089       -1.69586193479941     
  0.723544951765483        1.05215505687665     
   1.51442815270276        2.78681019770021     
  0.357783560542088      -0.411057186699434     
   1.01448844719290        1.31851184014511     
  0.732259033008523       0.672159835553221     
 -0.784977967453951       -1.16171580998641     
  0.235139536960339       0.658891548665439     
   1.18023040785329      -0.467333356459093     
 -0.932797890333943       0.230094269067382     
   1.33382965404574       0.597861567868356     
  0.325805776790399       0.871157253451794     
  -1.16489625149905       -1.20948282281946     
  0.401846057683327      -0.392006507626626     
   2.19696105718791      -2.636294364996694E-002
  0.920620130303841      -0.805138440539239     
  0.850104681942606       -1.33527517835902     
 -0.731143232802034      -0.739069964789735     
 -0.713904885835510      -0.887441700088923     
  0.694001807049455      -0.262671463504015     
  -1.22004037131038       0.346089209717661     
 -1.714035823267050E-003  -2.23661205423116     
 -0.324040530493501      -0.596606187551425     
  0.579002019803293       8.573541993232862E-002
  0.741950319034358       -1.36727098694769     
  0.733253654066905       0.483769925920934     
  0.628008847195235       -1.14669103342306     
   1.42065196011712       8.096267879671752E-002
  0.152491183782227      -0.279162881099853     
  0.503250717654298      -0.796259334920031     
 -0.669128984408758       -1.84984386048268     
 -0.387763131915577       9.107702264655199E-002
  0.598561702514089        1.14453555568880     
 -9.526678352341232E-002  0.196642755491816     
 -0.958626889614774        1.59451608428939     
 -0.448041217847729       0.314780530423774     
  0.636708623084290       0.264953946597578     
 -0.644668569928255       0.101602566678064     
  0.280446528789291        1.37265250298930     
  0.886908265957068        1.16571937332682     
  0.362165103329638      -2.141095174873236E-002
  0.276959695037257       0.142176427214374     
 -0.978260546587853        1.83117072803688     
 -9.271652544382465E-002  -1.22649860251308     
  0.449183444557537      -0.631053685050860     
   1.40230925488620      -0.486148386540495     
  0.450309395205710       -1.03023836834354     
   2.02731461891814       0.733484670052184     
 -0.617659076203096       0.792890810283568     
  0.595446825959067        1.10966526091430     
  0.370751093324411        1.26591720942048     
  -1.20126817797210       0.939947086568254     
  3.674232268502751E-002 -0.175701705415628     
 -0.320684629616074       -1.24807937166855     
   1.02519877441728      -0.368794166073681     
  0.329889247144709      -0.529762245919278     
  0.711573688743789      -0.246108211406682     
 -0.866526437208983        1.63508286347341     
   1.48943256120544       -1.74871772464815     
  -2.35652117950104       -1.67041174347028     
  0.273869000876738        1.23351322829236     
  0.868472291049814        1.57539575236750     
 -0.699361831197805        1.74492544538749     
   2.17746336939310      -4.298540479268260E-002
  -1.04350254700204       0.316540768629407     
  0.465891690447808      -0.782920580887801     
  0.525807090852999      -0.625153415207706     
  0.659804602975055      -0.704959932175284     
  0.585810960111778      -0.985295810089819     
  0.198602073137398       0.387999850708985     
  0.973316912851377       0.545215859248468     
  0.719498496720592       0.448106945137943     
  0.379097199593777       0.564470266639069     
  -1.35626812649414       -1.32707967754310     
  0.626090859823310      -0.506420206531398     
  0.764495807425346      -0.105418866907908     
 -0.129244266147982        1.14262573698890     
   1.06811494972746       4.989076767626229E-002
  -1.02388256027331      -0.422100145469043     
 -0.880780521120657       0.490867836094812     
  0.224910111971124       0.665480345380129     
 -8.937240215263140E-002  0.441238032420914     
 -0.318388981003424      -0.690039243834586     
  0.316003554351177        1.66349634727464     
 -0.714681588958185      -0.521522332192681     
 -7.518155877321737E-003 -0.158025356919861     
   1.11007057315960      -0.492722017159412     
  0.460649508943644       -1.50991889325216     
  0.511879774210827      -0.585679383561255     
  0.784297991491815       0.100270040829629     
  -1.13352106666922        1.04912045981023     
  2.625028485523067E-002  0.160398573633880     
   1.10116482366020       -1.05565596052704     
  0.420095996286958       6.619519415976467E-002
  0.312970957134924       -1.26549645502611     
  0.735592025881661      -0.728240730473591     
   1.24287344946183      -9.057098765409788E-002
  -1.23583863294575       3.304756618809314E-002
  0.731898801418112       -1.36706335987150     
  0.775168272419917      -0.332905583251732     
 -3.471902579310836E-002  7.065235064723351E-002
   1.91676670995480        1.28303409759523     
  0.497879135634643        1.93585208610820     
  0.221010747056611        1.20565403558916     
  0.684345626819823        1.75852647387343     
 -0.999882658633175       0.596989139906286     
  -1.10807966956922      -0.898473377481508     
  0.129899428797065      -7.385582226665342E-002
 -0.263975537309309      -0.841832670912900     
  0.540008690029364        1.00699253381178     
  0.813897662940537      -0.268455288286832     
  0.361652013260705        1.85698488905471     
  0.804886840906259      -0.668538997374581     
  0.607604489276652        1.39399532092806     
   1.72083950483223       4.757524544758645E-002
   1.08229032187095       0.147106198972205     
 -0.372866927292867        1.30725110733765     
 -0.548086765047289       -1.05785930955319     
  0.441682811790058       0.295303248520304     
 -9.320002355586746E-002 -0.405515387455831     
  -1.02575696351917        1.15848297526581     
 -0.493452767774380       -1.05550775107814     
  0.574245201336440       -1.36067093212542     
  8.503644806413803E-002   1.10063433899414     
  0.816203896221529        2.10756609851409     
  0.625504879227535       0.155286748159725     
  0.208793073105204       0.981143969521093     
  0.102181279246311       0.537003598797143     
  -1.81659398896405       -1.03297936131947     
   1.15883936503985       1.341073942027032E-002
  0.202476341761278       -1.43355415633414     
  0.835624321000940      -0.403500415201603     
  0.500686595365431       0.137022752333040     
  0.809514687764000       0.469565543567676     
 -0.117637968497656       0.868083036793065     
 -0.695807877972047      -0.190987495775095     
  0.102311204252862      -0.788871925734801     
  0.102362504680078      -0.473490926361437     
 -0.252768263872498       0.530859845149560     
  -1.59049225461400      -0.809443934867839     
  2.855358035209645E-002  9.234439124135166E-002
   1.42616113469781      -0.242359459160665     
  0.622011612208119      -0.545119643402521     
  0.517797282565956      -0.315466204902634     
 -0.312832474411462      -0.516740066980287     
 -0.665024078699569       0.170133161600189     
  0.419489184128094        1.07371522790762     
 -0.895156173009633       0.774389571066129     
  0.391288373225519       0.991081293605846     
 -0.924672629096692       0.319701712501050     
  0.165384798544893       0.562959051955462     
   1.13905214307826       -1.59134274143223     
   1.30167534850733      -0.439605421610239     
  -1.76928253273843      -0.772124252984807     
 -6.886960337393179E-002   1.34489873835981     
  0.336103200939466        1.08879127043239     
  3.919141415095339E-002 -0.469530178721764     
   2.05716621143533       0.255452966316565     
   1.32715541607076      -0.777840758105920     
 -0.439600214365487       -1.08798148981559     
  -1.26572725701943       -1.21746235843560     
 -0.270678401896355        1.14251644830154     
  9.218806780788556E-002  0.234239312160478     
 -0.296090002950969        1.42494753344539     
  0.328219729279723       0.187328722338893     
 -0.206662188515684        1.12979584827799     
   1.21565165487440      -0.315811521135966     
 -0.216134236195612        1.15790115428811     
  8.924007150718349E-002  -1.15823158933738     
 -0.202281288584336      -0.155962347989746     
   1.19190752550584       6.168263088544094E-002
   1.07139319486673       0.568524919055236     
 -7.530922883627986E-002  0.274983592765093     
   1.19963840998036      -0.167044534693297     
  0.843825684365761      -0.864582371704437     
  0.758974074466630       -1.11038619756141     
   1.12041019323949      -0.571527451250054     
 -4.305882753644873E-005  2.772438475816474E-002
 -0.191438430737483       0.712571790514289     
 -0.880225483342782        1.08525723232259     
  0.560983654337958       0.177734966373683     
 -0.312154452565546      -0.987695930769150     
 -0.810982174978319       0.858115602017646     
  0.810677811009959      -0.125176636347370     
   1.43818627151141      -0.244420381265382     
   1.79463077749449       -1.82092948269220     
 -0.435304743625401       -1.08469277549064     
 -0.942751636032822       0.327140309151511     
  3.546843048567344E-002  -1.08565005303584     
 -0.150323906523725      -0.619846350416161     
  0.379009353258904        1.79595966886547     
  0.857036931947310       0.112244609571309     
  4.339765095337202E-002 -0.943833533175649     
 -0.757917357621568       0.291621746520050     
  0.403091786130054       8.246322428561971E-002
 -0.277140356158535       0.931653588110006     
  2.348545602212372E-002  -1.42265245581793     
  5.576795096659032E-002  0.654272269310190     
   1.10129552156238      -0.403948769379935     
  -1.00088289213665       0.321304497794732     
  0.143749483730033       0.650659218079704     
   1.07178246688551      -0.630539512226307     
  0.860211150721351        1.14654494455995     
   1.13381008050910       -1.08354429986209     
   1.24782255658924        1.33092769025435     
 -0.411776626323376      -0.326175970850489     
 -0.397137999036362      -0.158939481100851     
  0.753661465633282       0.705921879805283     
   1.70444085277748       -1.06944018730985     
  -1.28919810356869       -1.07965123337876     
  0.389829442707450       0.472305044211465     
  -1.63507245231355       0.104919115876502     
  0.208473967892902      -0.364700235847841     
  0.147132164407316       2.621811455119889E-002
  0.148794695162729        1.36278115018041     
  0.251643409162200        1.14783934814667     
  0.341332326370611      -0.825137983616660     
 -0.383562053143362      -0.306592076857136     
  6.326509913441575E-002 -0.820893676683047     
  0.877592491839802        1.52076029837713     
  0.302086039736907       0.150219677711244     
  0.355764648398050       0.806202021899792     
  0.940180079426004        1.06184863276592     
  0.843896260055051       0.793376157048631     
 -0.549823277666546       -1.41847937916618     
  5.381304314175557E-002  0.632949458335291     
  0.149291019376225      -4.122583673217266E-002
 -3.613846447335101E-002 -0.381221583999675     
  4.940502159362686E-002  0.441083728943609     
 -0.819394342277104        1.40109846554103     
  0.387712687723655       -1.16755544744044     
 -1.830010125276726E-002  0.333612219705467     
  0.320601397227938      -0.894041429683924     
 -0.934466462640592       -1.15168354092199     
  -1.89456423458877        1.10781534887914     
 -0.636410893949929        1.40661174859988     
 -0.630522485546043       -1.57941549300520     
  0.229084537528759       0.447532941164175     
  0.901159295882540       0.402475219172156     
  0.706266302328906       0.786367120678204     
  0.361528344471607      -0.242492315541049     
  -1.97560101004877      -0.262822007620013     
  -2.19739729728958       0.924293903238470     
  0.199509667513911       0.529651403264341     
  0.194646176126603       9.108974634896870E-002
   1.13560667468713       -1.94043825133989     
 -0.469747220048209       0.740290154920156     
  0.111253985801310      -0.223007624055220     
 -0.862926334098568        1.14041704015183     
 -0.403843882892757        1.08626960000377     
  -1.69605910027040        1.81995093470581     
 -0.216215786234307       0.695194959282215     
   1.39426409503520       0.125352562709776     
 -0.404915822602942       0.638358931379704     
 -0.505347552763991       0.194545216163777     
 -8.714321204551241E-002  0.181936686542923     
  2.190439520796661E-002  0.438182072964007     
 -7.245005607055856E-003  0.253603101404903     
  -1.02227366250124        1.28236338207094     
   1.15187171096559      -0.592011344192647     
  -1.42684490876384        1.51248664478758     
 -0.112686911631489       0.122696859550869     
 -0.125944336696008      -7.046709463683345E-002
 -3.002629952232285E-002  7.885921575711133E-002
 -0.305164772631266       0.941434548540626     
 -0.379773578815202      -0.447890599014225     
 -0.537581668587555       0.549438225493772     
 -0.780156117811789       1.851684117691378E-002
 -0.140987865767125      -0.222385723062825     
  -1.15238924899341      -1.552603957764732E-002
   1.14788527607573      -0.833154536103822     
  0.247926125697635      -0.808272317578435     
  -1.21343678471935      -0.611683240201235     
  0.362633184037095        1.69241742907278     
   1.23976072832026      -8.140193876929860E-002
  -1.56913413666000      -0.630233720951348     
 -5.020749991510904E-002   1.76566159310733     
 -0.483666867857918        1.59722900865836     
   1.23990616752781        1.17000447062764     
   1.84023861125290      -0.885664760856728     
 -0.468214670481342       -1.31638446921709     
  -2.04445465047781       4.403076208219558E-002
  0.379886180113693       -1.26069237982883     
  0.493234132589652       0.735296205618930     
  0.404995179308999      -0.639581280472825     
 -2.351651727633211E-002  0.183104429620767     
  0.158322692062573      -0.147253576632025     
  6.277748159951807E-002  0.674597459528373     
 -7.456504183065292E-003  0.172064837591177     
  0.460994870977542       0.993005180426318     
 -0.395968668973501       0.169280373467977     
 -0.392199867506662       0.641269752222820     
   1.82973647567949      -0.802950860521556     
  0.596397240847850      -0.287394028106087     
  -1.47220063222585      -0.813922971504131     
 -0.760046189325693       0.517777552884400     
  0.702825046508735      -0.127522885086804     
  -1.27847521676141        1.49553783330089     
 -0.561450959943804        1.06309914340311     
 -9.011317269023733E-002  0.546937204858045     
  -1.47463858390279        1.13298432856151     
 -0.335337033890294       0.356483441366887     
 -0.468602494514899       0.221970101473862     
 -0.603552296124798       0.365792822105691     
  0.599859768102244       0.358864001724428     
 -0.836338971332061       0.700219313055637     
 -0.440238636464130      -0.530513318326360     
  0.529268605857052       -1.19175379582820     
  -1.35106890277003       0.508099048783703     
  -1.13956136646462       0.360347831262603     
 -0.266887897170665      -0.199935373247369     
  -2.10143051461573        1.65181049768194     
 -0.134656799660561       0.912032415666802     
  -1.13812687380356      -0.147819580030150     
 -0.236478123755935       0.930469253991156     
 -0.107830922172685        1.17382370558980     
  0.898987419160830       0.313507650995000     
   2.44128863718023       -1.47208576021260     
 -0.662266718725046       0.316758058134543     
 -0.388356097455833       0.742129114273592     
 -0.104047820494613       0.851626665649700     
   1.03790112332964       -1.71424809495284     
  9.042481879583725E-002 -0.119158560939376     
 -0.581374345107188      -0.590178899503704     
 -8.631244628173118E-002 -0.959658831921503     
  0.347819528938388       0.131490015996610     
 -0.915197473551711       0.109117595458692     
  3.198866236452320E-003  8.757074696829006E-002
 -1.972756392979216E-002  0.263265578773425     
 -0.840007879425238      -0.338360514526376     
 -0.678734823611018       -1.23744568196247     
 -0.984932027498627       0.409337181437727     
 -0.276294632881956       -1.09112009306837     
 -0.689746559997308        1.39849731709244     
  0.667376360601286       -1.29415828902034     
 -2.481914794895396E-002  0.520502407667272     
  -1.21386401526427       0.186793412609928     
 -0.338455775687128       -1.39227489728799     
 -0.598789319686201      -0.209615445455333     
  0.880679239235797        1.29314568558512     
   1.17091195869672       0.104392694065895     
 -0.463451227505952       -2.27829384909667     
   2.25385253677705      -0.937086297255420     
 -0.525823548097168       0.868403457530086     
 -0.741338477863339       0.494017789229062     
 -0.904714099479780        1.29506862384772     
  0.667766620518965       0.533105755151329     
  0.581640862991680       -1.73840009757337     
 -0.707743253905845       0.423156210569432     
 -0.438066311618185       0.902617572737865     
  -1.62943520651031       0.335025218895058     
 -0.471949084648973      -0.291587500810562     
 -0.292543598127941       -1.19270540193355     
  0.592954125896084       -1.84677583929214     
 -0.537820940902179       0.228387108257460     
 -0.508965559835636      -0.984164699686486     
 -0.540016888499771      -0.771948846229996     
  0.492549554286551      -6.564475916445525E-002
   1.08929010964008      -0.714839902338055     
 -0.216660878442573      -0.889110382591406     
  -1.32858037343892       0.142245954202191     
 -0.142523125183550       -1.03595969826320     
  -1.19322780861236      -0.541433572275572     
 -0.204901947146514        1.39969933937301     
  0.455927852217296       0.134313103712015     
 -0.949360373106814      -0.291905204970835     
  -1.11523995950977      -0.277267323568263     
 -0.357326103038650       0.846629661010076     
  9.170318383057634E-003  0.805342777431386     
  -1.12422337318043       -1.28333991398291     
 -0.434467886247325      -0.442395416908640     
  -1.26265800634917       0.904192398812712     
 -0.971238024237988        1.26484823476711     
  -1.90196064277100      -0.391950014849381     
 -0.742940606035973        1.24315273849607     
 -0.108258442024432      -0.470477512482849     
   1.24729482222705      -0.289352798055581     
  -2.00110367157475       -2.00522622657577     
 -0.581446594214531      -1.556495035405189E-002
 -0.277187275410027       0.675867587835479     
 -0.558629797747804       4.554744587953807E-002
 -0.686726306230995      -0.845778554884048     
  -1.14206956657847      -0.687053032463960     
 -0.828179312656645        1.19870476110507     
  -1.11050670534873        1.01218338953575     
 -0.637884484777721      -0.682630647843124     
 -0.611725867513349        1.07607848984207     
 -0.832923313591986       0.434876198615020     
  -1.75028588447439       1.444177130296711E-002
   1.19779403326368      -0.775621389687156     
  0.129452772884226       0.182234507961672     
  -1.39840715462680       -1.23826339193363     
 -0.874071751319485       0.178128947780649     
   1.57456927752878      -0.269076619199676     
   2.46414629732641      -3.197206815507590E-002
 -0.751188142019627        1.08965089169374     
 -0.767239161134658       0.941114233785268     
 -8.449535717131207E-002  0.706002519351167     
  0.969930135427604        1.02842688423546     
  -2.14991470033929      -0.540638182799293     
   1.06845684246961       -1.30960247501553     
 -0.819816830230049       0.806101869536375     
 -0.970477444024282       0.127520152169541     
 -0.875828044442534       -1.26295089836894     
  0.644164800388053       0.485484989228244     
 -0.344279031687191      -0.915055090537190     
 -0.571777088923882      -0.471304773234289     
 -0.882996467878618      -1.500526464747642E-002
  -1.76953853470309      -0.344591148652690     
  0.951600024117799      -0.910277930220103     
  -1.08297228886076        1.56652274966153     
   1.74406825990923      -0.862151394512142     
   1.83242656111563       0.443103059713192     
 -0.794031134202896      -0.638299528487240     
  -2.11580853390695      -0.393204068518861     
 -7.076442145025250E-002  -1.03126143094543     
 -0.362892214645602       0.749529533963022     
  0.704545052413061      -0.234270461742932     
 -0.628436988206718      -0.516484502612863     
  0.840920305054240      -0.337847996405052     
 -3.901570772693164E-002  0.948718398685171     
  -1.04696972139553       -1.40999542610551     
   1.03430345012569       -2.03423725899029     
 -0.177495634184413      -0.894826752795818     
 -0.506774257687898       3.349602447066397E-002
 -0.130162444988397      -0.948583845044662     
 -0.531952064965906       0.577957183541182     
 -0.803288336736367      -0.336752207033338     
 -0.484899887115711      -0.348287504022282     
 -0.298190080700628        1.79165022586106     
  0.595397943887642       0.866807627897055     
  0.539700206551963      -0.572479613986530     
 -0.867303570237276       0.251532188904326     
 -0.817508138801747        1.23606255559095     
 -0.964561185738151       0.929070960348739     
 -0.541997564357063      -0.449890913132993     
 -0.991669450917269       -1.17198112905835     
  -1.06507518106760       0.305348628428301     
