0.840098040842271
0.587869289354961
0.170065845610804
-0.981220963653187
-0.745690377053697
0.561273234483719
0.662462484557439
-0.307796746774230
-1.77168538854377
2.57322362835440
-0.775013877853832
-0.163395991250770
1.27757475504527
-0.221169817203266
-1.88260652880273
-1.29569181969569
-2.97137708111906
0.376182065317604
-0.989827759899086
-0.284599150914941
-0.799781403988294
1.10367557875326
-0.517523526897456
-8.497925467806013E-002
4.174607557269548E-002
-1.16498506042103
-0.901169893257836
0.841738093431538
-0.279655768535996
-0.181517171387811
-0.122817702088693
0.230968204471101
1.39391033650799
1.26272398673035
0.381996773080924
2.21805330962719
7.173366038888337E-002
-2.06574918813820
0.429995089825403
2.37452487048629
1.36038906780216
1.09656660555075
-0.400749903604784
0.771181206662854
0.259662979914794
2.10703167997105
-1.80950471981613
-0.467263338749705
-0.479571705246886
-0.662722862099596
2.57450682898659
-1.18315178581022
0.341123656986160
4.784123127376429E-002
-0.336979977724648
0.986295803001862
-4.17191723237759
0.188961643504775
2.14193613892215
2.49071750096871
-1.88773108044836
-0.140511420721994
1.05031556992215
-0.404140217945654
1.12812429140773
0.336315608317782
1.76072324583711
0.567315918090020
-0.244977927076718
-0.807444279280099
-1.55657794726323
0.731358196868639
0.654430047315285
-1.59015334558886
-2.02285190975651
0.517165202986396
0.973503677487454
2.35569136049033
-1.50430813874673
0.989715039765921
-0.313006419904707
-0.394129071211924
-0.907924906730895
-3.22058795373714
1.87063823956434
-0.390129046653667
-2.00409460596478
-0.625052019780637
-0.470540667759976
-1.37221330703831
-8.581880211857121E-002
2.64191471589714
0.367825693249812
-1.72889574438546
-1.55882433552881
-1.59917485262296
-0.553706460159371
-0.145552608230884
0.212177984967778
-1.56696457450659
1.13666954762390
0.250676583479662
7.456450315629019E-002
-8.187585573154629E-002
-1.43500651439241
-1.89536891296430
0.757583685531401
-0.792725329238602
-6.574399365722078E-002
2.19142387162318
1.59156639920232
1.66605856431931
1.68671178170108
-1.10391952786695
1.97743561410173
-1.15588586104176
-1.90099677928223
0.169047518364425
-1.37973557444044
2.79625609926789
0.952925608356343
-1.68826610357925
-1.70372581835799
0.784607530846785
0.469165276078415
-0.386813949500310
-0.289256307990357
-0.841539297856832
2.92830267828963
3.14773403307199
0.649186269301558
0.100010268932083
0.834094409571925
5.247882877715741E-002
-0.250335229930019
0.393884621265867
1.51652524318110
2.34148379265402
2.68151584614095
0.636340556370809
1.11050625394234
0.727215257864408
-0.465190448990061
1.91097383423013
-0.650709969708379
0.102935293392960
-2.25614434537087
2.88062075379235
0.661441000688330
-3.26958655594597
-3.01334406822491
-5.406963176742594E-002
-0.337478006356300
2.24611639785444
-1.20081744485549
1.68005655153795
0.340446673740285
2.23641899229396
3.73273423745269
-1.05126417635291
2.203388245930363E-002
-0.574079777346373
-1.34615756644292
-1.21112384202993
1.62613800901809
0.851632565689877
-2.20275737016204
0.375685649315603
3.00979113639970
2.45481389033227
3.73063477083007
1.30104404071798
2.79718680894865
-0.511149827914560
-1.03243872909963
-0.570758139699454
2.88390476036016
0.281039055887623
-0.549211267480589
0.552149894534408
-1.36323841345494
-0.263157148375850
1.56836128001889
0.513911104410670
-4.22099430381653
8.211687019657563E-002
-2.47253787311014
0.926403532769223
-1.41791736705861
0.140800102054234
1.72672368066273
0.671955463404927
0.210153553375325
1.62018945079588
2.09942839018089
0.658710805531852
-1.88665537527728
0.442092796467072
-0.402094509535629
-0.913732742139353
-0.126482080970585
0.146194570127019
0.302115224370296
0.737265222557656
2.66429311636427
-0.385176155009409
1.24012652899859
-1.67157045221443
-0.419072700777953
0.405536921166115
-3.589430153095143E-003
-2.10010145643154
-0.189090404580895
-0.572075063981427
-0.130769788058516
0.556776141692255
2.61669944508842
2.37471195439633
-0.651100497621141
-0.411308969780613
0.799003059542053
0.287488291169854
-1.31599417744064
-1.03709365334980
-2.15575574947380
0.863200162716617
1.68505598897310
-0.758908306502244
-0.608752953412793
1.16326475159399
1.52011985069019
0.587106382187507
0.500833383469354
4.182353397398371E-002
-1.52669339219453
-3.14923650658353
0.434291494896669
0.194114238808006
1.19678102119150
-0.146744115933247
1.05386826159591
-0.392711159806006
-0.302404053745174
-1.40414226578744
1.30802609472249
-3.16379514020206
-0.348653342624671
0.162496538663268
-1.49415758740989
1.34007242723875
0.247741629480250
1.41954366471278
-0.358066353317855
-2.24632643109455
2.15787606801029
0.863811596819714
0.656230754579805
-1.36961682088003
-0.120782989381678
0.580266498346351
-1.86596029561178
1.05814367166784
-0.203169178090886
0.514801616542271
-1.82539083777794
-0.319350470275101
-2.16243202131679
1.73177535599657
-9.861984711056598E-002
0.926264573619381
-2.48742074232023
0.217781461664122
-1.23098899399171
-0.388668481780638
0.656310761959421
-2.35806055339559
-0.634957837830579
-0.194927687017460
-1.72758854563125
2.24920377471781
-1.53441462115222
-0.417529672890699
3.15421856613652
2.18269224730688
-1.58366252266124
1.12774837164947
0.317138592407320
2.71056239584255
-1.02329539298632
1.69257711065532
0.652905985000123
0.144314096210301
2.04986971237721
1.24627402767743
0.871824552565211
-1.34613780468648
0.806844621743687
0.506276968067592
-0.723116867514664
-0.678984706931876
2.58636036523678
-4.28288101453402
-1.03833607132391
-0.397131369668097
0.533653580844356
-2.57183090674390
-1.00276323654696
-1.28605100013461
-1.59280638322653
-3.75111962786359
2.13640505420138
-1.52344695658551
-0.676799234073214
-2.12911053124847
-0.456484595714067
-1.50893951262169
1.06638100930745
-2.02168689980630
-1.43425111505169
1.76762664423007
-1.70162774690849
-1.13558703556888
1.21145465510553
0.919046676880200
0.986238808660602
0.230314741506803
-1.67369097070353
0.373239331265687
-0.145420743322885
0.876818201036495
-1.43431735697730
-0.977067384960120
2.20023229303009
0.921448904584566
1.71472587093797
0.182662683139348
1.43567566258273
-2.79230928385033
1.18026580798331
0.481645076806427
0.865070519045005
-0.152887133656640
1.53077681587583
2.19084075750463
-1.04946382224343
-0.631819782400892
0.225701217456471
0.828106971564001
8.561815960244587E-003
1.61770119299743
-0.481708668239871
-0.995104978534570
0.276876774691197
1.07593952191552
-1.79901905076792
-0.100897843231259
0.818644144174872
-0.508991818787575
0.562674021032584
-0.126948004033186
-1.96687650465227
0.713809455002311
1.68894997268640
-1.32864312925610
-0.595823945665415
-0.584229439745742
-1.22400169525895
2.71535908123634
3.869595577927864E-002
0.614081509758956
-0.595788475574320
-1.02285191395748
0.345345915815694
0.114865188537704
-0.413452130202563
3.30827582609713
1.14924502973016
0.221509739956470
1.92594134765096
-0.504197255509300
-1.17776137450996
-0.554136728694874
-2.85002723167874
-2.89662750743068
1.15051496117256
2.20894118854848
0.756238857944968
0.441375766322692
-3.88355915759992
-7.462874702517658E-002
-0.905300596250710
1.03440290927999
-0.719107897990472
-0.232309791253668
-1.20229371933141
-1.31049384889329
-1.09224653434333
0.110454468893604
0.828864566692049
0.333345925634664
-1.79472547442319
1.07578996595793
2.23384589424695
-0.634632287001849
-3.69897940663720
0.302836764674883
-2.63953059390159
-1.16557902277437
-1.44424818237178
0.656070786417103
0.772688105789372
3.06760647155825
-0.996308151948982
0.460744346466638
0.666705637521196
1.61275929209746
-0.266042233072561
0.720143106207430
-0.952313677644778
-0.341821730650484
1.80045791090294
0.224851174205993
0.401653830099172
0.472007915590140
0.384946775211814
1.06965158491455
3.41461395762674
4.03349864690157
-2.378986797185662E-002
-1.07017435733820
0.237302993008933
-1.40277149765865
1.94366245558388
-1.18452397710025
2.07546706553840
3.34724451404459
-0.792788933767178
0.762426308540004
-2.30856142549281
-1.63245743572747
-1.57616367929638
0.821823543085041
-1.05449544317993
-0.194985765048020
-0.461606073993192
1.94351367438823
-1.25907650308664
-3.51826262468995
-0.952877284839315
-0.898512970526404
-1.58394872957763
-1.82567909374256
-0.295761509693452
0.450160889533728
-2.27482127528071
0.345950688062011
0.195904224013580
6.947364155958868E-002
-3.40912566410921
-0.640497689041163
-3.800768591391198E-002
3.02533242844589
-0.609135685757014
1.69019132132808
0.505004212343615
-0.389462276298780
0.177914075838262
1.51173636111704
0.579902746961336
-1.37722095688798
0.403016863820025
0.842231646132522
1.98622639307166
1.85935904051006
-0.440572775408716
-0.781268817211742
-0.414168755920148
-1.33605161039952
0.881079990311975
-1.06760456617255
-0.128842195798989
-2.16731798374576
-2.49813542003234
-2.73616202581728
-0.530647841584399
2.05110035253826
2.01296861073792
-2.35272512406996
-1.67242539016950
0.949217004959203
0.116183510031417
2.25909694223044
-0.360950754984625
0.718642282230028
-0.674409274777317
-0.338460666658366
-1.31148132078078
0.249377286333814
2.49465633955381
-0.479386723215352
0.930757969343715
-1.05530658539897
0.117978534611932
0.569828971626989
-1.31871073105571
2.22989950475240
0.152229756503906
0.190859896080646
1.35167138476219
-2.02831366555190
1.07439941806778
-2.23325113119409
-1.24053842609308
-0.237906223736216
-1.15562152663967
-0.615375844116317
-0.304326513679996
-2.39732214300046
0.348759334641113
3.696510256105717E-002
2.19614662390894
2.94176076996184
-0.883577395580436
0.345698395638194
1.94171829420064
1.79049453185963
0.565024858647811
-0.844641195553273
-0.574286034041424
-0.114546591368507
1.30938020331612
-0.287685139327807
1.97171079768849
-0.238524237891459
0.855543735248183
-1.30029467614070
0.721637563019946
1.60690902152646
0.245401557448664
0.495417579503042
2.27481756428456
-1.29827702023936
0.444675996353761
-0.516988707654257
-0.365921978464289
-0.892164480386237
0.719385008002321
-2.69985139093853
1.94466944228847
0.252952946315555
-0.673882821716556
-1.45986645226675
-1.86752243908623
8.870959389426783E-002
1.95601230040539
0.968193235700065
-1.57198834181550
1.56718036600318
-0.628559341277415
-2.05282895806112
0.956776578944703
3.234580075021412E-003
-0.264445855884500
-0.654518479718343
-2.74339593163066
-1.56316226075919
-0.506195058938757
-1.79598220780554
-3.17588834985533
3.55938001353210
1.20704263131851
1.69733546776421
-1.89917680866155
1.45521688591768
-0.780353332762297
-2.48457032684353
1.77262336345217
0.942578843420437
1.26277170951835
-1.03546097528215
2.79230866349184
0.311232441664141
-3.70305636966063
1.47901336449476
-0.895536340823601
0.470344245271957
1.84415663188913
-0.269134996084004
-0.915716604280423
1.32244068854032
-2.05959104807870
-1.04174188388150
0.977683224923861
-0.245559986403086
-1.87805856562734
-0.274699421920107
0.946510953301328
1.04101430842960
1.88437939150732
-0.568044444565458
-2.14557165986900
-0.185112537250594
2.695641118265423E-002
1.52783073920672
-1.26809233809149
1.13103185029873
-1.68728049649383
-0.538456028662739
0.635341112636042
-0.322435695442059
-1.57755645040251
-0.914948383162447
-1.44991587038257
0.154373614537463
-0.194781945380714
1.25415349658011
-1.16735519961158
-0.399723157206056
-0.627346871780767
2.50528494582187
1.00314960357445
-0.256752043379705
2.64900192869218
1.098145282759783E-002
1.71264946087386
-2.00499293538734
-1.60350098555427
-1.25687354101640
0.429496098705074
0.954772979854323
-2.21969579879251
-0.504328434805107
0.112907688310939
-2.04586158469773
2.17970592865827
-1.40536129432492
-1.90707214972273
1.41971378007387
0.558980512701186
-1.52378962813761
-0.152051101142876
-2.34744708966662
-1.13644350484107
3.415551448635201E-002
-1.06510883994648
-0.522151786970777
-0.337608854356754
-0.749439777395697
0.254177939190447
-0.246114713317203
-0.136231413877864
-1.58333253618523
1.15229406175228
-0.705518835798578
-1.14811530784105
0.197697716841582
-0.516231074594795
-0.231395251869381
-1.79772111757945
0.437149261694853
-2.21136369294376
0.735980526416532
1.04247012723936
1.76962979847569
-0.264558860827587
-1.44026401026844
-1.58807316941348
1.93804925063325
-3.96182224336539
-1.84357289520758
-3.14398135393170
0.598436898111682
-0.861632790242504
-1.29620999556533
-0.465379543291351
-0.213685728847818
0.287606936066043
-0.399599306999651
-0.142452559826252
2.41803058610461
0.455275458839310
0.329803186501369
-6.240908330929366E-002
0.247686356443320
0.682720348920582
-1.47231095292135
2.64733550010303
-2.93258798595547
0.236714489998708
0.326854915723422
0.267283335692853
-0.971982762757446
-0.785431779594559
-0.724664542486771
-2.10353144495040
-2.12906845241654
-0.985749450856877
1.05758830284286
0.424811060633262
1.10687160065657
-1.14720973050243
0.896754454217685
-1.65235697045638
-4.10212677617635
-2.07875405318827
-0.920721616105703
1.40380110387409
0.892034755583909
-0.777524001905432
1.70304133544221
0.515906560404199
-1.10262775385570
2.07623621076276
-2.27313902901207
-1.30538712466523
-0.585424792555833
1.40375831837984
-0.913017530950978
-2.92045854256658
-0.369687990929429
-1.95827353879303
0.244770062697147
1.21975430371547
-3.450933358384333E-002
0.961612591278471
-0.309221997901299
2.02121733955003
-0.247138638504564
1.50985593303629
-0.425074737003447
-0.239479876334410
-1.42449866025493
-2.33294169880855
-1.13384130685728
2.27502938575569
2.18992380397712
-1.87433534403794
1.54164178680592
0.209258742528929
1.71626629804362
1.46025096715702
0.455444153941919
0.705187290724232
1.68322668194876
0.859342493856776
-1.59863433782267
-0.491325961950599
1.20004884166606
1.60371278442570
0.858930646774647
1.17056334449639
0.892069500115992
2.42641959361999
1.73140914326472
-2.18691638511154
2.56022854373145
2.76829345622415
-1.41267528321619
-1.33218054903730
-0.255586391265111
-0.423464452368262
-0.545516104770244
-1.00619796533091
-0.233784651862250
2.02185540483310
0.314045128215939
0.273953421092128
1.25076667625055
1.11160419915270
-2.51485534768137
0.613266481876695
-0.382371822436677
3.20589995407819
-1.62251985329095
1.49251372578966
2.12309456359248
-1.97131072603880
-1.80206317994951
-1.04453804003347
1.02069018077299
0.380544333033984
0.476390366435672
-0.276634395901711
0.319179940312295
-3.258840090913857E-002
-1.50005574446825
-0.104661825435109
0.621872698303167
2.06759834586226
0.118334228529936
1.29653418638016
-0.188446496854600
-0.654142113754560
-0.274963148183154
1.21666291938723
-0.654407811533522
-3.01960919050772
0.875607328972009
0.395517378875973
0.564900534557963
-1.13823816412275
-1.80280818980269
1.57858182381385
2.78095327936421
0.554678332991952
6.332920733598121E-002
-0.830468795111817
0.701536070593513
-0.673823379863004
0.235607164484967
-1.76396596144762
-0.582553860850593
0.940237809496765
2.09508520170040
-0.772332519851063
-0.299010056113139
-2.15847018822254
0.243005963804977
-0.202783925641545
-2.65302057225895
1.20616366608237
-0.335919342734590
-0.508496928559986
-2.76218264209742
-0.264734933818138
2.39552435819658
1.64603629260023
0.371112968530493
8.871130318852867E-002
0.150460145361369
0.297158807535883
-2.30971219627833
0.373287164097810
0.978528474659806
0.913175430574709
-1.02457021446399
0.448844763632091
0.989688141374393
1.70305268620906
3.59644880400696
-0.354364895442034
1.11565850165979
1.79434289919836
0.554677082143691
1.58658679122678
-1.30943666074313
-1.01504570923386
0.103071524560727
-1.75211912393224
-1.05346122065503
1.314172402581504E-002
0.622920173468984
0.539356507935077
0.805417340944711
0.260673255326394
-2.42112376750447
0.406563521813877
0.346177713895675
9.552299426088040E-002
-0.737576746362257
0.975326565860538
0.371547254829154
1.79315918169970
-0.886120792768898
-1.05138218395701
-0.378497358514100
-0.971872528738742
-1.69514790886421
-4.352693206687310E-005
-1.14407490512738
0.844541935960324
2.71251570135239
1.87082455233233
-2.13809077111468
-2.35678385484899
0.663009708075672
-2.52775264243528
-1.04747239936962
1.24085654312170
-1.26234547659243
-0.833398336592588
6.199332294920840E-002
-7.266088335637919E-002
-0.618634092752433
-1.07331188147832
-2.35306606409188
0.836944873137423
-2.49511765048625
1.56396838641072
-0.662393709886961
0.156294091234144
3.351525675010682E-002
0.713911820862723
1.84910697053561
-0.214205405330454
1.48759166006104
2.44154509282713
1.39983850706253
-0.981162238075815
-0.623399151947824
-1.84507907003659
0.775672919796804
-0.730515940743376
-0.344557335847685
1.12960712489245
0.965732847813918
0.655817089800288
-0.160918053202399
0.863948009687301
-1.07083680498723
-2.80024205669985
-1.42224782662262
-1.05536616311738
-0.140654220001327
0.381733164399754
1.13867403806072
0.446577738252499
0.258680023173411
0.301430607853295
8.634684673290599E-002
-1.33362386024069
-0.924112361676540
0.147279616881167
-2.08732078288067
0.460115317113045
0.942195976520874
-1.16097332191698
-0.306090628441346
0.118426690696638
-2.51561613707464
-0.509269440992204
3.02523333946399
2.03644229454721
-1.36141216275587
-2.65069307567175
-0.247546127056353
0.150496607337184
-0.395742088469423
3.91603781405259
0.972974822652882
1.22859822758675
1.43792125164998
1.13516326126325
1.91885735109698
-2.41467458654056
0.529205820825248
0.723863309404630
2.50866045220483
0.607246156316324
-1.29451311593159
-0.238480644374464
1.43627892214588
-0.112708325795596
-0.324219210391931
2.67381766747743
-0.319920077952683
-0.254254816065783
2.85313055354324
0.878798589684507
-0.318449919091520
1.12284805917557
1.15948410046762
-0.278482803476190
-2.28437466382555
-0.461309920667014
8.888307295426909E-002
0.350940939294568
2.54031262107256
0.854652436131275
-0.835776647332211
0.476829515349744
1.46205024003161
-1.40994331969277
2.45183084642776
-1.02240497679978
1.74099605289938
0.110671841108622
2.64980639103719
-0.425020832517638
-1.15155166741393
2.08338233499490
-6.791188696561055E-002
1.99321919047987
-0.777655082185049
1.47795604432266
-2.03718817989964
-1.14942362937049
-2.02179757345195
0.566935728574392
1.65116475284720
-1.03419062503903
-1.22864876602807
-1.68185811186556
-0.904383511479160
1.99472060422279
2.44696968753799
1.84132375876769
-0.355300307760811
-0.271320016246550
-2.33304086819960
