0.169611661734967
-0.390745230393148
2.537497879244748E-002
-0.718968299812330
-0.513424043421249
-0.885358313098175
-0.894711876143518
2.69683002171594
-1.02184173360350
-0.104352109800702
-0.201331447330219
0.817888924196950
0.768297834552046
0.724858806806044
-0.183000407762414
0.460137794828868
1.14413749933580
-5.487376030955535E-003
1.79754806641652
2.45902236671577
-2.42586132164940
1.26183727246495
1.60189925966761
3.36828388344975
-0.912647810689374
-1.25529696146076
-9.742339165569133E-002
2.44434738264353
-1.25944117364438
1.18786714230200
-1.56895647573148
-1.76126114977584
1.58076885873487
2.81765193865618
1.03058079653603
2.679511774740880E-002
-0.680045054327191
1.30625692798740
-0.820284237525013
-1.28515586346679
0.265752324540605
-0.516052751797858
1.06204753059431
-1.94313685136014
-2.04985077014053
-0.229353938601819
-0.309824274052291
1.21620182840759
-1.03269998913850
1.34442891786420
0.439058713058274
-1.33730107507962
1.66252581689666
-0.884736677994023
-1.74010107295910
-0.345498106861975
0.995984620425493
0.515857450223309
1.23355336443558
-0.332002186679407
-1.64803750850522
0.814996673984513
0.468156583104306
-0.592074092330234
-1.23116559587485
-0.350687531303087
-1.68335502096058
-1.16183954127197
-2.59222263702507
2.58247601168562
1.22778753478759
-1.64861857050690
2.44789124615994
1.44238093223310
-0.761268500679648
2.812500201439937E-002
-1.80190426622510
2.68754106686936
-2.54712418654090
-1.62873433494541
2.93408155270309
-1.48892433442608
2.76793325386757
0.201067317446625
-2.84478166353736
0.218067795872080
-0.950094613892886
-0.615532957529545
1.70237383839322
1.52964495858888
-0.189698813874326
4.27613352258021
2.74016741165798
3.00009849487103
-3.906836189299933E-002
-2.25398911390153
-0.221610716847498
-1.72374599813183
0.224759767932036
-0.212698110968807
0.179792489862080
0.377258798924853
1.46564342097380
-1.04425076871978
0.295573214372785
1.34926225704439
0.934351736720855
-2.59114510034502
-0.734049020216643
1.88565438910938
9.405906496940793E-002
0.450949552908522
0.139267631765937
0.307859184609392
7.728577619371101E-002
0.466472000397808
0.194263190781553
0.699183414895363
-0.694040493486001
-1.76159008972659
2.72428160861272
-1.12226412328850
-0.656055728999482
1.69502203159472
-0.408355409935367
-0.387383079707352
8.361922509660723E-002
-1.90086499579474
-1.86093829286173
0.221634899077798
-1.57768736973724
-2.33700070835323
0.503197889762936
-0.947141869140493
-0.753045521382074
0.590006129016012
-1.43793860613971
-0.122190944504147
1.56564380775335
-0.570874082491171
-1.08402693621539
-2.78367740672050
0.253649154804710
0.614277191474528
2.24684983163342
0.264357021200730
-0.847483755728886
0.416315471211112
0.372976978694488
-1.02122402667370
-1.57390144866829
-0.432518134666173
0.147448656225158
0.777964615769834
0.706150095485141
1.67377833868669
0.159826412023776
1.11773631729927
-2.00758475324547
1.86627201231419
-1.11446365863645
1.51627930715709
8.738323049894051E-002
0.626489428824611
-0.196588926889121
-0.627650704197573
0.164796058696809
-7.771821133419332E-002
0.191773426380793
-0.890292106883704
0.460429406822130
0.471789471342141
9.477998959348798E-002
0.473841404971744
0.141240670075476
0.694747685243751
0.714264873490209
0.297940203194965
0.369365406548734
0.320965438879072
1.65202325456935
-1.51556319947931
-1.65525529791704
0.335833810605238
-1.28022513552714
-0.176360424179033
-0.997591947942511
-0.239375959339006
-0.376140469031760
0.226199910523793
-1.07305030456626
-0.986951031070766
2.68704051978083
1.59428074247465
-0.473372215152450
-2.64529093622588
0.840710280146393
2.90985520345152
0.320474522037435
1.51304197206403
-0.948432838016272
0.374893771006687
5.846306728851539E-002
1.54073087545407
2.58974467564395
2.21695012642991
2.56477798889704
0.232385611855794
-0.548735133414584
0.312128982681105
0.901243005139193
-2.07258416639260
-1.27519089409830
0.383959597520683
-1.46408415780620
3.45079278486846
3.64095524871277
-2.86888300323960
1.17430089190247
1.23658213766447
-0.204693267180374
-0.640893100583859
-0.410502855440689
-1.31349007981559
-1.14239627611210
0.527869473124896
3.61183152775179
-2.04819388923316
-0.597232880436058
-1.45237864465974
-0.148616698960456
-2.34763546328250
-1.80171878061678
-1.99287452188297
-3.754166565162242E-002
0.274988191315706
-0.804896505734657
-0.715167183614214
0.308062906890342
0.856446394619907
1.76561422986979
0.718133445355824
-0.322004420219135
-3.83756896508335
1.07135888028013
-0.345400857587947
-1.73168698414906
-0.158520653967690
1.01748524713140
0.408390967600239
-2.88237087382164
0.665791713694817
0.306301354995440
-0.807818622780083
1.66662530150423
-1.06453556046224
-1.04698188253693
-1.44216916246619
0.601170236971142
-1.65928347496023
-0.291569688313709
-0.202364813059227
-1.24685825255496
1.72687817418025
1.85473440181872
-0.702768971594097
1.30822297960092
-1.099455589236716E-002
0.964649173562071
-0.109377406593189
0.902020500688167
5.340907462988574E-002
0.370624935414650
1.05058460021832
0.879642678766058
-1.13653841753529
-1.63122779613827
-1.59181239277616
1.80968645403589
1.31616593944717
0.494472918937423
-0.763600399900914
3.17755242477889
0.853684998286330
-0.256300021714894
-1.15129520958697
0.869708967929070
0.956058784764205
2.71831693461318
1.26490553068419
0.161486426309243
-0.286565633396827
-2.09821398831155
-1.04680028780029
6.992460872921077E-002
-1.23593795585440
-1.38958080439274
-1.32253574190331
4.82056491331213
-0.732738701494642
3.37988001758587
-0.487023031957228
-0.832123815104903
-1.05634028338006
0.498596947607067
0.583558079024639
1.79758029879859
1.01619733579062
2.59991731201606
1.74934048754683
1.77208329338450
2.32357538485054
1.30221511308665
-1.79193369638827
-0.752250567099517
-0.461958609006526
-1.52533898692384
-2.20304308513867
-2.02501593178653
0.821097750558689
0.459923979515019
-0.945759373927810
0.969486172767359
0.825230861343983
0.964502576749640
-0.161532154467799
2.87487906770248
6.321467271018751E-002
0.551074882138097
1.86112550865271
1.96492915733185
-0.156171854885389
2.79094646643972
1.25923445998521
-1.133226477004707E-002
1.28716434637592
-0.894461906031984
0.310118343728463
0.125225471261747
0.813328050646906
0.572833920934199
-1.635490830342323E-002
-0.952811021865460
-1.73398095108188
-0.238280538997977
0.322672749023167
0.230658185946080
1.03443074983132
1.26419120835623
-2.16310170821496
-2.32609610233795
-2.20168136837784
0.212709293062847
-0.532504728255969
1.47317275853453
-1.81148007998476
-1.52317435807826
-0.141184404655226
0.793585001538698
-1.34473684006067
1.34636713077597
1.78638121258956
-1.56912431342226
-3.83133511987316
-0.265702635280525
-0.148133762058607
-2.78191406900420
1.99068714704244
-2.84582703116630
0.522117299568834
-1.43570858670105
-1.18315543637657
-1.82175475216775
1.34698373635003
-1.42684380636042
-1.00215236060700
0.472826688451499
0.561538673107735
0.878611624029690
0.628796809718941
-0.110483312318461
2.46502512904214
0.405704834556905
3.20812614729733
-3.85228316790285
3.37137490459165
1.11094888294054
-0.985798978247706
-3.32023826784278
-0.123411048959787
-1.18232647455680
-0.556460795009255
1.81141663104843
0.674518620350080
-1.86819296890744
1.93176895975487
0.531133618234715
0.522586925425469
1.08417720087029
-1.52624559282964
-0.813391790504221
1.76564640677507
0.590639069627993
-3.26570344277748
-1.34103551010449
0.770720165785039
2.00991204607213
-1.38376033309802
-1.18628796697069
0.523941002490101
-0.796781621865264
-0.622812085824672
0.832110607019407
-0.305980679323166
2.25060782508888
2.83639365952977
2.91045955782348
0.744052424802974
-1.76385284074455
-0.378010304203796
-2.417437245560517E-002
3.01716654549274
2.06050136499301
1.01041300738351
-0.349462045686753
0.588965558105772
0.779512198629837
-1.29940876520829
1.98598259146533
-0.586077942438410
-0.624182320124646
-0.695873211378826
-1.57924307757629
-0.237940718346859
0.656128599353244
1.54821180160683
-0.574187055625414
-1.38554577937334
0.704309258728942
0.696137845008318
0.627273350684236
0.246435841576833
0.820049843872130
1.15553351996386
1.83490973428486
-3.60724301589744
-0.866789504014683
2.396872020119768E-002
1.81377458136300
-0.359427117031002
-0.195290637407013
-0.667199251780880
1.24060707899379
-2.05840922888639
-1.60895083592728
0.331461149121864
-0.197125841069480
-0.163244915975945
-1.23793423888120
-0.396918699663797
0.619084987279339
0.336859234437254
-1.31472119671046
0.544006366626569
-0.488865045228379
0.532390919369307
0.240918609986436
1.62857679739590
-0.877944076142022
-1.24856137688802
-3.06264190747279
-0.333483420401582
0.122935598099407
0.178397047906650
-0.500480348735666
-0.969843484247857
4.367601435234108E-002
-0.753185164335243
2.80279547820874
-0.440349628373956
3.41791654905654
-0.884939010696766
0.177269863383675
-1.51785769867343
-0.641236877775872
2.53418048688349
0.383428528267331
2.08430959174143
1.01892494586621
0.795896251470163
-1.49393858695029
-0.611880032620513
0.823220129656021
-2.71616987409221
1.35111448258714
1.47163100522507
-0.652326426161337
-0.126023058655383
-0.782948013103532
-1.51792098879667
-1.74809370323029
-1.41674304516820
1.21927954919332
1.90530541633778
-0.710049319527897
-0.834871618211760
-0.338970989679777
-0.360558077195794
-1.25167945687801
2.27932766932709
-1.12107120234657
-7.615626655757012E-002
1.32697381059042
1.53403152081066
-1.02474169932353
1.16520317173817
0.165014610128248
0.308527701018514
-1.66599577964507
-0.838525615944932
0.710780963044171
0.291212514983979
0.725470993225769
0.310897811899869
1.18980763152531
0.184393691059359
-0.413306153437424
-0.871944203065350
1.03428948183987
0.733070859199628
-4.558736704792359E-002
1.12965015206755
2.45859656496695
0.516070868487326
-4.05978151449923
-1.08081998400246
-1.74519012946702
5.261398125525018E-002
1.07604886620095
1.06448925847441
7.836127408902049E-002
-1.59871193488500
1.25513805957387
-1.59292379717060
-0.689792649243833
-1.57434546535011
-0.702334136709568
0.967496067270804
1.93368654618094
1.983369186336070E-002
4.28269066405847
-2.26158032960138
8.952535604571332E-002
2.40341319645992
0.877385590321017
-5.167272029439567E-002
-0.483578045861846
-0.113428086883676
-2.31426464126557
4.68079618773820
1.14858636164535
9.204055273455015E-002
-1.39721257668224
-1.25370173869800
-0.617938674430277
0.175997922608644
-2.34430115615041
1.78995474919206
9.937232622448074E-002
-1.06158545900278
-0.126382569217353
-0.658788706007441
-0.564946843926501
-1.05095352366088
-0.366015994687980
0.288830713927469
-0.473841165043999
-2.74733512738257
0.833393283094836
1.06601622484364
0.225864070530717
0.381555438209957
0.930513182346637
-0.760687455687251
1.62837146515511
-0.836956882689251
-1.40481776410015
1.59838288318338
-0.243619650345609
1.49175473137219
1.04009984153324
0.301864878364128
0.693853970044760
-0.290076554087506
-0.220291792440383
-0.530602043390522
1.48695092414911
0.572237001949285
0.995052565915709
-0.544373024105921
-1.76293855357847
2.26552170988791
0.660809638154109
-1.93078618772316
-2.15318809540086
-1.01529228854502
0.718716239099438
0.111871886277852
0.269614435920140
1.13699337267077
-1.12064966638242
0.670945697258593
0.160108400759600
-0.202790722925663
-2.53935945227742
1.19296659154520
-0.836490779404405
-1.19819193377076
0.254003781155341
1.90252216019968
-1.43030072174486
1.69310981639466
1.58139866181232
0.564603427730719
1.50077713582041
-1.49262905466284
3.84239811847226
-9.655930278362657E-002
0.237438922328049
-1.47761136263015
-9.151007125548048E-002
0.337600213750385
0.719738877286019
-2.88794839589512
-1.47100938867463
-0.523772560695715
4.716644884274934E-002
-0.237649825312136
-0.903643676185995
-1.42593526780757
0.950567111327802
-2.59144431399028
0.198839480015541
0.167371616434335
-0.162216929462884
1.11986534492198
0.133814606237873
1.39588570429311
-2.33311830594260
0.715109789006019
-0.478440116788008
0.268103515630065
0.328606196805490
-0.578368914963917
-3.05226808825786
-1.98410470103596
3.36457109282401
-0.390887212381240
0.898005864085660
1.00218111407627
1.78143588499121
1.03066264401080
-1.32588571436776
-0.467321925421539
-0.520919457625518
-1.39617330717352
0.989988688537794
1.61733762383844
-1.40226836586106
0.883258088704957
1.85126009692216
9.273606300419622E-003
-0.949724211304922
0.670931998470618
-0.841440179194168
-0.158054069655814
0.225560528924561
-2.26493140877866
2.35138502790345
-0.177988279338357
-0.970203195789592
1.49258384059281
0.346356049176118
-3.25076775451439
-1.42078006090593
-1.47422823927499
1.20588683110881
2.547590463062860E-002
2.36407037513946
0.498462153662249
2.01927970538476
-1.11578480372727
2.39799853954373
0.784202719572606
-0.710738265567535
1.79459341313982
-1.47858641578554
0.769994807344970
1.28497117146690
0.953578278772774
-2.93071696291831
-0.413256735683597
1.05886434938344
-1.02814880163536
0.615069956731727
-0.827778769835402
-1.33574399841881
0.596949389439683
-2.00816747417112
2.25342939285172
-2.47089030327409
6.553021736699509E-002
-1.36816467200062
-1.31913500152899
-1.03998228740959
1.67169512642946
-1.08500749224801
-0.167224955936238
0.409454807542778
-1.76184570368241
0.839837554680230
-1.04241602204079
-0.725074866819200
1.70384444853035
1.85558548872122
1.58655460589036
-1.62700098795737
-1.00354258960902
0.105357698040658
1.35110735193623
-0.987313069185497
-0.515154750267184
1.81496143390369
-1.27564451359500
0.188234879271197
-0.178309100042458
0.334173784809758
2.37359695662088
-0.800829062799815
-0.915170032396231
1.92706833166546
-0.153353521461046
1.34002961611946
-1.00569730542314
-0.441669890671593
3.829040464252744E-002
7.169039293228890E-002
1.35595573342366
-1.40627010469988
0.802872966163216
-1.895261803034959E-002
-0.129922777495943
-1.69070984112304
0.346246017039732
-0.193443199745078
-1.53143079507151
1.38450817959161
2.48591595671409
-0.672480565538990
0.967703612972284
-0.464602096112728
-0.421421300160627
0.384945159366266
0.424471050544129
-4.450414243173174E-002
0.621507893832827
1.38846674450692
-1.39780700560093
2.21800957414648
-1.81561778995087
-1.05052531252370
1.36733540004667
0.490327261163473
-1.20779580454369
7.596196450734900E-002
8.988405865553568E-002
-0.455184331640795
1.50912295773936
-1.19319618009992
1.06143754443712
-0.394721177850822
0.295152895180545
-2.92696225426288
3.73638177867901
-0.356498563630933
0.413884817445030
0.808398036348074
1.36875898672623
-2.21874624114665
1.47775346283463
0.188148764472275
1.51229483911238
-0.472503586810591
-1.11436975196853
1.44128919034199
0.438314075472541
-0.206750771889705
0.129663736269641
-1.34194585091477
0.315833905643210
-1.19782095105151
-0.142965993740933
1.24122627291839
2.43643339567034
1.00986632697636
-2.37459972309396
-1.62650146204200
-0.447243508379442
-0.688448051535372
-1.71525013065667
-9.797339219297772E-002
0.139356417665903
-1.41099582972126
-1.74575807053919
2.94627821838203
0.792097768169078
-1.01550574788152
-0.829531051174239
1.02270981569088
0.353109006845463
9.003191726980078E-002
-0.552391248532894
0.762937037523742
-2.71829695619392
-0.949835701326449
1.44382434434900
0.745934657211380
0.172080348996541
0.826157246151258
2.09314535496470
-2.36319061211794
0.528346707308620
-0.488860914289227
-2.26201299796518
4.174172323275804E-002
1.47220488240168
1.50371070173468
1.05944984385480
-1.83399208964405
-1.16890931859511
0.803063916161370
-3.64752183896764
-1.12612644136713
-4.463504450504630E-002
-0.410140751769092
1.32277122902318
-0.586331629867185
0.931756930253081
2.074765064668216E-002
0.351502297514369
9.025211952139812E-002
0.392375489538031
-0.610120600677082
0.559482627811422
1.24734997431549
1.94123742202114
-2.20735701903927
-1.62784603250081
-0.826726269618117
-0.146770387298918
-0.853048928786557
1.69604646393177
-1.36811266204717
-2.06841230325982
-1.54796572579316
-2.880435687149174E-002
0.157178076057357
-1.27699386651559
-0.515597168280001
1.26124157324823
1.73224889458501
-0.200554850696727
-1.04751053517139
0.541935315939301
0.995406887056115
-0.236687409803012
-0.231495327827721
0.188243197423830
-0.754459965423227
1.20798089890803
0.752679967409436
0.465796861251232
0.702964294562493
0.259001499593515
-2.54498290483860
-2.744980712712176E-002
-1.62192889012576
0.878746209476221
-2.46549237575203
0.305665336189107
-0.479820959321259
-2.26171458382802
-0.532377593693157
1.13248755255611
4.716151317556250E-002
-2.018394685448422E-002
-0.801632780807955
-1.93512352799873
1.62153431921766
-1.21518424081337
-0.260713251503078
-0.310754900383047
0.179120304352510
4.349114369007841E-002
0.187942471680643
1.53973811711054
1.06574417553572
0.123455444037783
-3.20988175915707
0.252244670981805
-0.844655301974878
2.08790796946795
0.636719708484635
0.284583015911464
-0.691725265784001
-0.949654399982616
-0.887037055789341
1.39485654012391
1.37490696178167
-0.205888902090591
0.923065279596131
-0.344343055620195
1.65412898998737
0.414377159546144
0.362831239161522
-9.619310726462851E-002
1.28077754835709
0.355681780009473
-1.08308797899997
-0.612573469186127
0.205432011956482
1.29253192335735
-0.336504981390811
-1.03620615940191
2.541153647245772E-002
-3.50173792550368
-0.972441713779998
1.505265272747296E-002
0.636980154067262
-0.656175840463225
-1.34193231441176
-1.68667648510542
0.136425515846929
0.521999145390655
-1.00426049470429
1.08103305492188
5.204943162799486E-002
-7.272999488207070E-002
1.34572984935550
-1.63244702069698
1.61817653669585
-2.01393084146541
-0.921829897790715
-1.56133636893604
1.61745849564132
-0.751287489119260
1.06002389917708
0.790813555164111
-2.16641086849776
-2.44231044613235
-2.23153604042291
1.29691219379097
0.123493721214588
-1.38578170758655
0.267625938877057
0.368322509141134
1.12481234624350
-1.14432456440626
-8.580971592942288E-002
1.88835762254528
1.15609471880712
1.24940851107842
-0.365087304599726
-1.53651542885879
-3.86184653346042
-0.470031174553324
0.469226387516115
-3.49173677849175
0.497860917868476
-0.113060811409459
1.33177584843369
-2.14555548755221
0.634346497295481
1.93685563841841
-1.78885766922374
0.473120210857006
-0.470205153944922
-0.662822017445655
-0.213154415702888
1.29562843986500
0.438980392496830
-2.84707832253737
-2.46009337356622
0.474904521000125
-1.35857340190266
-1.37586825250575
0.543923835558061
1.09516278164059
-2.00444854110545
0.454647330759394
