  0.000000000000000E+000   1.01660221615561     
  1.999999955296516E-002  0.998034139148200     
  3.999999910593033E-002   1.03371137282672     
  5.999999865889549E-002  0.981929174396877     
  7.999999821186066E-002   1.01372858519018     
  9.999999776482582E-002   1.01497449511924     
  0.119999997317791        1.02532513145305     
  0.139999996870756        1.00917498535265     
  0.159999996423721       0.991324665943843     
  0.179999995976686        1.00110555038251     
  0.199999995529652       0.995192086545026     
  0.219999995082617       0.997313328705366     
  0.239999994635582       0.989147988008941     
  0.259999994188547       0.990592171776184     
  0.279999993741512       0.992317366670550     
  0.299999993294477       0.994654235729801     
  0.319999992847443       0.980792353355607     
  0.339999992400408       0.972720923962591     
  0.359999991953373       0.973210986006058     
  0.379999991506338       0.973599774075264     
  0.399999991059303       0.981520196095445     
  0.419999990612268       0.979265576259482     
  0.439999990165234       0.972613557530916     
  0.459999989718199       0.970802840801469     
  0.479999989271164       0.968733930167852     
  0.499999988824129       0.971469306286760     
  0.519999988377094       0.957144330751833     
  0.539999987930059       0.961657588283686     
  0.559999987483025       0.961247009137283     
  0.579999987035990       0.958436478556735     
  0.599999986588955       0.967485956249596     
  0.619999986141920       0.951771838440966     
  0.639999985694885       0.954317540259880     
  0.659999985247850       0.949673998285621     
  0.679999984800816       0.960753823044817     
  0.699999984353781       0.939350422932130     
  0.719999983906746       0.954711654193049     
  0.739999983459711       0.960765356011904     
  0.759999983012676       0.945266695815921     
  0.779999982565641       0.938913449110597     
  0.799999982118607       0.950778874383315     
  0.819999981671572       0.948505950951590     
  0.839999981224537       0.942899433177042     
  0.859999980777502       0.949967516156116     
  0.879999980330467       0.945273082450986     
  0.899999979883432       0.937921082933872     
  0.919999979436398       0.960919376927170     
  0.939999978989363       0.966698764078179     
  0.959999978542328       0.994205669662137     
  0.979999978095293        1.00149053443529     
  0.999999977648258        1.00882174541523     
   1.01999997720122        1.02571885868074     
   1.03999997675419        1.03130510162270     
   1.05999997630715        1.03826290679009     
   1.07999997586012        1.05166375868303     
   1.09999997541308        1.03699842429695     
   1.11999997496605        1.03822193666613     
   1.13999997451901        1.03374597172798     
   1.15999997407198        1.03406505048400     
   1.17999997362494        1.03669719985570     
   1.19999997317791        1.02633565912053     
   1.21999997273088        1.03667450149202     
   1.23999997228384        1.02752024543596     
   1.25999997183681        1.02590714113514     
   1.27999997138977        1.02388139584622     
   1.29999997094274        1.01052759990455     
   1.31999997049570        1.01872627652219     
   1.33999997004867        1.00554978936548     
   1.35999996960163        1.00324249442974     
   1.37999996915460        1.00542415746384     
   1.39999996870756        1.00240807826089     
   1.41999996826053        1.00384477863129     
   1.43999996781349       0.997489902408330     
   1.45999996736646        1.00190474412205     
   1.47999996691942       0.998657228980659     
   1.49999996647239       0.998605059207565     
   1.51999996602535       0.997670059206875     
   1.53999996557832        1.00041718497611     
   1.55999996513128        1.00265081525582     
   1.57999996468425       0.991940706868817     
   1.59999996423721       0.993977006084246     
   1.61999996379018       0.987541792390511     
   1.63999996334314       0.987604667322610     
   1.65999996289611       0.986200762441172     
   1.67999996244907       0.987631778170460     
   1.69999996200204       0.987703028632804     
   1.71999996155500       0.981217839843598     
   1.73999996110797       0.986760663822272     
   1.75999996066093       0.987378850405452     
   1.77999996021390       0.983404183820535     
   1.79999995976686       0.982045368812694     
   1.81999995931983       0.983401450827380     
   1.83999995887280       0.988169400166656     
   1.85999995842576       0.983749911839981     
   1.87999995797873       0.984687018034030     
   1.89999995753169       0.986364859637749     
   1.91999995708466       0.985750483466947     
   1.93999995663762       0.987321787028544     
   1.95999995619059       0.991163681357750     
   1.97999995574355       0.991129427095197     
   1.99999995529652       0.991224524552728     
   2.01999995484948       0.998991290197319     
   2.03999995440245       0.994310819176855     
   2.05999995395541       0.995381556718569     
   2.07999995350838       0.996898224662781     
   2.09999995306134       0.998706713366144     
   2.11999995261431       0.995437597192438     
   2.13999995216727        1.00259287964935     
   2.15999995172024        1.00235528149324     
   2.17999995127320       0.999632955955096     
   2.19999995082617        1.00271216630634     
   2.21999995037913        1.00453177660195     
   2.23999994993210        1.00516958588390     
   2.25999994948506        1.00240447319525     
   2.27999994903803        1.00323215821063     
   2.29999994859099        1.00656029695773     
   2.31999994814396        1.00687702928646     
   2.33999994769692        1.00639259569773     
   2.35999994724989        1.00166884861664     
   2.37999994680285        1.00464894721540     
   2.39999994635582        1.00826474233634     
   2.41999994590878        1.00603282135113     
   2.43999994546175        1.00339885177629     
   2.45999994501472        1.00634091044099     
   2.47999994456768        1.00512100847073     
   2.49999994412065        1.00860483865114     
   2.51999994367361        1.00721333249659     
   2.53999994322658        1.00262154640885     
   2.55999994277954        1.00280775538830     
   2.57999994233251       0.995924363161693     
   2.59999994188547        1.00155567099443     
   2.61999994143844       0.999559626191863     
   2.63999994099140       0.997090720680300     
   2.65999994054437        1.00127535644283     
   2.67999994009733       0.995487561406744     
   2.69999993965030       0.995136853542404     
   2.71999993920326       0.997502165199398     
   2.73999993875623        1.00051309800062     
   2.75999993830919       0.998352544800856     
   2.77999993786216       0.994832500678029     
   2.79999993741512       0.995022844503886     
   2.81999993696809        1.00271130746052     
   2.83999993652105        1.00472143906289     
   2.85999993607402       0.997900123659596     
   2.87999993562698        1.00544347190363     
   2.89999993517995        1.00192413760814     
   2.91999993473291       0.999043568980625     
   2.93999993428588       0.995183737011963     
   2.95999993383884       0.997672423362342     
   2.97999993339181       0.999043273768159     
   2.99999993294477       0.999007927714571     
   3.01999993249774       0.998625060976586     
   3.03999993205070        1.00098024504340     
   3.05999993160367        1.00456191121851     
   3.07999993115664        1.00452395247118     
   3.09999993070960        1.00902188614167     
   3.11999993026257        1.00245369741354     
   3.13999992981553        1.00472875194678     
   3.15999992936850        1.00609020771011     
   3.17999992892146        1.00967348791270     
   3.19999992847443        1.00581835300711     
   3.21999992802739        1.00555252680865     
   3.23999992758036        1.00340459834420     
   3.25999992713332        1.00374084171470     
   3.27999992668629        1.00818490291387     
   3.29999992623925        1.00322310326658     
   3.31999992579222        1.00175611854833     
   3.33999992534518        1.00514068461266     
   3.35999992489815        1.00241640997222     
   3.37999992445111        1.00392615852728     
   3.39999992400408       0.998592270495205     
   3.41999992355704        1.00454379296785     
   3.43999992311001        1.00316630950117     
   3.45999992266297        1.00717102430387     
   3.47999992221594        1.00652392302756     
   3.49999992176890        1.00523805425089     
   3.51999992132187        1.00769765474169     
   3.53999992087483        1.00246320459937     
   3.55999992042780        1.00880607577945     
   3.57999991998076        1.00930946167638     
   3.59999991953373        1.01018752235763     
   3.61999991908669        1.00481905040415     
   3.63999991863966        1.00274156454216     
   3.65999991819263        1.00351096295217     
   3.67999991774559        1.00659033491206     
   3.69999991729856        1.00374326871710     
   3.71999991685152        1.00378021583222     
   3.73999991640449        1.00453296610080     
   3.75999991595745        1.00221178057417     
   3.77999991551042        1.00331655758821     
   3.79999991506338        1.00676468604258     
   3.81999991461635        1.00405785603637     
   3.83999991416931        1.00456224785489     
   3.85999991372228        1.00345753927079     
   3.87999991327524        1.00511564776818     
   3.89999991282821        1.00147028492981     
   3.91999991238117       0.999249062398410     
   3.93999991193414        1.00211206492135     
   3.95999991148710        1.00113271623067     
   3.97999991104007        1.00134986718525     
   3.99999991059303        1.00350963816597     
   4.01999991014600        1.00184681501013     
   4.03999990969896        1.00627188124912     
   4.05999990925193        1.00336048556248     
   4.07999990880489        1.00524442891871     
   4.09999990835786        1.00205657710262     
   4.11999990791082        1.00052775931359     
   4.13999990746379        1.00566750436888     
   4.15999990701675        1.00439365781491     
   4.17999990656972        1.00468458745924     
   4.19999990612268       0.999297423654475     
   4.21999990567565        1.00231871821451     
   4.23999990522861        1.00070544568909     
   4.25999990478158       0.999862060412661     
   4.27999990433455        1.00023689553644     
   4.29999990388751        1.00029437324862     
   4.31999990344048       0.998945390040582     
   4.33999990299344        1.00143218870893     
   4.35999990254641        1.00273534073114     
   4.37999990209937        1.00497375400111     
   4.39999990165234        1.00634375961653     
   4.41999990120530        1.00410424171714     
   4.43999990075827        1.00322604767901     
   4.45999990031123        1.00141662681014     
   4.47999989986420        1.00496689077664     
   4.49999989941716        1.00650946349653     
   4.51999989897013        1.00477099584862     
   4.53999989852309        1.00442511384815     
   4.55999989807606        1.00240625668677     
   4.57999989762902        1.00563214078078     
   4.59999989718199        1.00338389731295     
   4.61999989673495        1.00157616741412     
   4.63999989628792       0.999505894560758     
   4.65999989584088        1.00346000502809     
   4.67999989539385        1.00311307096442     
   4.69999989494681        1.00219463865964     
   4.71999989449978        1.00126714923421     
   4.73999989405274        1.00227408274755     
   4.75999989360571       0.999698259257366     
   4.77999989315867        1.00367710678033     
   4.79999989271164        1.00500061472872     
   4.81999989226460        1.00331047158975     
   4.83999989181757        1.00321761337021     
   4.85999989137053        1.00694098805592     
   4.87999989092350        1.00201708117060     
   4.89999989047647       0.998928237706456     
   4.91999989002943        1.00222016172478     
   4.93999988958240        1.00132575279952     
   4.95999988913536        1.00183955418305     
   4.97999988868833        1.00179107829076     
   4.99999988824129        1.00161989054635     
   5.01999988779426        1.00103872928592     
   5.03999988734722        1.00293222452569     
   5.05999988690019       0.999827379045163     
   5.07999988645315        1.00307482746855     
   5.09999988600612        1.00152376446780     
   5.11999988555908       0.998821382179218     
   5.13999988511205        1.00108847192640     
   5.15999988466501       0.999786280153450     
   5.17999988421798        1.00003507560523     
   5.19999988377094        1.00068290308107     
   5.21999988332391        1.00081985788523     
   5.23999988287687        1.00022820375786     
   5.25999988242984       0.998040430852263     
   5.27999988198280        1.00386455544319     
   5.29999988153577        1.00097146206462     
   5.31999988108873        1.00157506297312     
   5.33999988064170        1.00577744869862     
   5.35999988019466       0.999905024800374     
   5.37999987974763        1.00011831105721     
   5.39999987930059       0.999340817923607     
   5.41999987885356        1.00502098264724     
   5.43999987840652        1.00142044047924     
   5.45999987795949        1.00077764647829     
   5.47999987751245        1.00144046084746     
   5.49999987706542        1.00266532662062     
   5.51999987661839        1.00581680640331     
   5.53999987617135        1.00696330513767     
   5.55999987572432        1.00538707859406     
   5.57999987527728        1.00174016218496     
   5.59999987483025        1.00434288800155     
   5.61999987438321        1.00415675170114     
   5.63999987393618        1.00271136967125     
   5.65999987348914        1.00187266451595     
   5.67999987304211       0.999379077691145     
   5.69999987259507        1.00131386453406     
   5.71999987214804        1.00508223120600     
   5.73999987170100        1.00203607872680     
   5.75999987125397        1.00438631552972     
   5.77999987080693        1.00213327235878     
   5.79999987035990        1.00188860165459     
   5.81999986991286        1.00489763931132     
   5.83999986946583       0.998200775736730     
   5.85999986901879       0.998958250062757     
   5.87999986857176        1.00236203679655     
   5.89999986812472        1.00109066814073     
   5.91999986767769       0.998724123700917     
   5.93999986723065        1.00185029134950     
   5.95999986678362        1.00052676685845     
   5.97999986633658        1.00027820617025     
   5.99999986588955        1.00279532599675     
   6.01999986544251       0.999713448173922     
   6.03999986499548        1.00033487076795     
   6.05999986454844       0.999313452997091     
   6.07999986410141       0.999438831814115     
   6.09999986365438       0.998257720154963     
   6.11999986320734       0.998593431609896     
   6.13999986276031       0.996614037091377     
   6.15999986231327       0.999583986742811     
   6.17999986186624       0.998610508028327     
   6.19999986141920       0.997816294214361     
   6.21999986097217        1.00095815356802     
   6.23999986052513        1.00075038355614     
   6.25999986007810       0.999062173486960     
   6.27999985963106       0.999570233186351     
   6.29999985918403       0.996326355293923     
   6.31999985873699       0.996666990621092     
   6.33999985828996       0.998365189789995     
   6.35999985784292       0.997860284648316     
   6.37999985739589       0.998192920490811     
   6.39999985694885       0.998660041008540     
   6.41999985650182       0.996605746199116     
   6.43999985605478       0.999887862450767     
   6.45999985560775       0.997116804807199     
   6.47999985516071       0.997970787795880     
   6.49999985471368       0.998599493698302     
   6.51999985426664       0.996253902931055     
   6.53999985381961        1.00238761412814     
   6.55999985337257        1.00089868592722     
   6.57999985292554       0.997848981649337     
   6.59999985247850        1.00138498079531     
   6.61999985203147        1.00041966293955     
   6.63999985158443        1.00127906517302     
   6.65999985113740        1.00288196220925     
   6.67999985069036        1.00081459270393     
   6.69999985024333        1.00196755124580     
   6.71999984979630        1.00167700588011     
   6.73999984934926        1.00425591860260     
   6.75999984890223        1.00165058461724     
   6.77999984845519        1.00108226498136     
   6.79999984800816       0.995746725004607     
   6.81999984756112       0.999495389717960     
   6.83999984711409        1.00121820615953     
   6.85999984666705       0.998251326574208     
   6.87999984622002       0.999866692466787     
   6.89999984577298       0.999278856735456     
   6.91999984532595        1.00007524965413     
   6.93999984487891       0.999498784482557     
   6.95999984443188       0.999099738976447     
   6.97999984398484       0.999275046808429     
   6.99999984353781       0.999043520550624     
   7.01999984309077        1.00035279050383     
   7.03999984264374        1.00261689857981     
   7.05999984219670        1.00049818937544     
   7.07999984174967        1.00105149842817     
   7.09999984130263        1.00090777011364     
   7.11999984085560        1.00368343286402     
   7.13999984040856       0.997550923957358     
   7.15999983996153        1.00128050048989     
   7.17999983951449       0.997158860731762     
   7.19999983906746        1.00305969753776     
   7.21999983862042       0.999800693006932     
   7.23999983817339       0.999649470379483     
   7.25999983772635       0.998450999591921     
   7.27999983727932       0.998967455188258     
   7.29999983683228        1.00168007922505     
   7.31999983638525       0.997997046419826     
   7.33999983593822       0.998949009414756     
   7.35999983549118       0.997236924754480     
   7.37999983504415       0.998129258815829     
   7.39999983459711        1.00191099039152     
   7.41999983415008        1.00033060435393     
   7.43999983370304        1.00041434230821     
   7.45999983325601        1.00053491716168     
   7.47999983280897        1.00272928087862     
   7.49999983236194       0.999039012252372     
   7.51999983191490        1.00218210171247     
   7.53999983146787        1.00191990890603     
   7.55999983102083        1.00174319925622     
   7.57999983057380        1.00252675405371     
   7.59999983012676        1.00124616898909     
   7.61999982967973       0.998460012474053     
   7.63999982923269        1.00120943635072     
   7.65999982878566       0.995506923228444     
   7.67999982833862       0.998301467026350     
   7.69999982789159       0.998021237482690     
   7.71999982744455       0.999598064688056     
   7.73999982699752       0.999156780486145     
   7.75999982655048        1.00029241878425     
   7.77999982610345        1.00031641562246     
   7.79999982565641        1.00064341757531     
   7.81999982520938       0.999528122355687     
   7.83999982476234        1.00261533485389     
   7.85999982431531        1.00023170426144     
   7.87999982386827        1.00096408285850     
   7.89999982342124       0.998810463841578     
   7.91999982297421       0.999883922355753     
   7.93999982252717        1.00085938967937     
   7.95999982208014        1.00165273418788     
   7.97999982163310        1.00053234725622     
   7.99999982118607        1.00102450361004     
   8.01999982073903        1.00003266015686     
   8.03999982029200        1.00018998020977     
   8.05999981984496       0.999271682251985     
   8.07999981939793        1.00026621020999     
   8.09999981895089        1.00023535736663     
   8.11999981850386       0.998477051897042     
   8.13999981805682        1.00179982978757     
   8.15999981760979       0.998736245574634     
   8.17999981716275       0.998629269821525     
   8.19999981671572        1.00106231561856     
   8.21999981626868       0.996446779674834     
   8.23999981582165       0.997768880905233     
   8.25999981537461       0.998112722303632     
   8.27999981492758       0.997602974513227     
   8.29999981448054       0.999492101873492     
   8.31999981403351       0.999029255605898     
   8.33999981358647        1.00144437536161     
   8.35999981313944        1.00071524396955     
   8.37999981269240       0.998441195152736     
   8.39999981224537        1.00128047739518     
   8.41999981179833        1.00074100039978     
   8.43999981135130        1.00003691736136     
   8.45999981090426       0.999448901972973     
   8.47999981045723        1.00008215773784     
   8.49999981001019       0.998239083090326     
   8.51999980956316       0.999497257592704     
   8.53999980911613       0.998999772225658     
   8.55999980866909        1.00125778512305     
   8.57999980822206       0.999074791393594     
   8.59999980777502        1.00360733498466     
   8.61999980732799        1.00206987579955     
   8.63999980688095       0.997777313970760     
   8.65999980643392        1.00261649824158     
   8.67999980598688        1.00230070657169     
   8.69999980553985       0.999190646814871     
   8.71999980509281        1.00329372698977     
   8.73999980464578       0.999458954853243     
   8.75999980419874        1.00077745985935     
   8.77999980375171        1.00205375211322     
   8.79999980330467        1.00308262676329     
   8.81999980285764        1.00407529799982     
   8.83999980241060        1.00057881991969     
   8.85999980196357        1.00071587905098     
   8.87999980151653        1.00266720705329     
   8.89999980106950        1.00397119022597     
   8.91999980062246        1.00403957982803     
   8.93999980017543       0.999919843696642     
   8.95999979972839        1.00200192340120     
   8.97999979928136        1.00131298478216     
   8.99999979883432        1.00259225318445     
   9.01999979838729        1.00096211427195     
   9.03999979794025        1.00225628830828     
   9.05999979749322        1.00180536852309     
   9.07999979704618        1.00262800921403     
   9.09999979659915        1.00098808522377     
   9.11999979615211        1.00136003590211     
   9.13999979570508        1.00298490160090     
   9.15999979525805       0.999534713995938     
   9.17999979481101        1.00248132780809     
   9.19999979436398        1.00111873826019     
   9.21999979391694       0.999878445512455     
   9.23999979346991        1.00128032651074     
   9.25999979302287       0.999594355512549     
   9.27999979257584        1.00124136542814     
   9.29999979212880        1.00200304067825     
   9.31999979168177        1.00034555341970     
   9.33999979123473        1.00269105257947     
   9.35999979078770        1.00107526686967     
   9.37999979034066        1.00122910264971     
   9.39999978989363        1.00107150106947     
   9.41999978944659        1.00172890799372     
   9.43999978899956        1.00310351890260     
   9.45999978855252        1.00260893350217     
   9.47999978810549        1.00155251442037     
   9.49999978765845        1.00501494953278     
   9.51999978721142       0.999814124944369     
   9.53999978676438        1.00387398685324     
   9.55999978631735       0.999992393575094     
   9.57999978587031        1.00402665200929     
   9.59999978542328       0.999359740305159     
   9.61999978497624        1.00176304201850     
   9.63999978452921        1.00203706470588     
   9.65999978408217        1.00218651417700     
   9.67999978363514       0.995759323875710     
   9.69999978318810       0.999723760397144     
   9.71999978274107        1.00295831901823     
   9.73999978229403        1.00415548321658     
   9.75999978184700        1.00229944825458     
   9.77999978139997        1.00200759382957     
   9.79999978095293        1.00381790450698     
   9.81999978050590        1.00205888654780     
   9.83999978005886        1.00431214197974     
   9.85999977961183        1.00477645543021     
   9.87999977916479        1.00002894014116     
   9.89999977871776        1.00366786555464     
   9.91999977827072        1.00073480464302     
   9.93999977782369        1.00384382785147     
   9.95999977737665        1.00105787027285     
   9.97999977692962        1.00212254134641     
   9.99999977648258        1.00147375152949     
   10.0199997760355       0.999720763719011     
   10.0399997755885        1.00335711985957     
   10.0599997751415        1.00254774390805     
   10.0799997746944        1.00173960489109     
   10.0999997742474        1.00091892092998     
   10.1199997738004        1.00031750724164     
   10.1399997733533        1.00040055628124     
   10.1599997729063        1.00432326341903     
   10.1799997724593        1.00131147111965     
   10.1999997720122        1.00295284794828     
   10.2199997715652        1.00335291696715     
   10.2399997711182        1.00404062092299     
   10.2599997706711        1.00233909704946     
   10.2799997702241        1.00255048940739     
   10.2999997697771        1.00398636945951     
   10.3199997693300        1.00100064045684     
   10.3399997688830        1.00334314832981     
   10.3599997684360        1.00035674748582     
   10.3799997679889        1.00157134122350     
   10.3999997675419        1.00176648315762     
   10.4199997670949       0.997825594796135     
   10.4399997666478        1.00372132664443     
   10.4599997662008        1.00128146248074     
   10.4799997657537        1.00048189872103     
   10.4999997653067        1.00297902223597     
   10.5199997648597        1.00258358251755     
   10.5399997644126        1.00254792929682     
   10.5599997639656        1.00159391982598     
   10.5799997635186        1.00209003537028     
   10.5999997630715        1.00131111598102     
   10.6199997626245        1.00137731629787     
   10.6399997621775        1.00046069166656     
   10.6599997617304        1.00012363824109     
   10.6799997612834       0.997560197853472     
   10.6999997608364       0.999748658463724     
   10.7199997603893        1.00046423097329     
   10.7399997599423       0.999154392564976     
   10.7599997594953       0.998412815609256     
   10.7799997590482        1.00115872883131     
   10.7999997586012        1.00288411988101     
   10.8199997581542        1.00017971828795     
   10.8399997577071        1.00080407084661     
   10.8599997572601        1.00164026029390     
   10.8799997568130        1.00082373513309     
   10.8999997563660        1.00026731693153     
   10.9199997559190       0.998904783198163     
   10.9399997554719        1.00113911406069     
   10.9599997550249        1.00028955962337     
   10.9799997545779        1.00383651236097     
   10.9999997541308        1.00311524391121     
   11.0199997536838        1.00072099111512     
   11.0399997532368        1.00040585990880     
   11.0599997527897        1.00161404714267     
   11.0799997523427        1.00141863341143     
   11.0999997518957        1.00368788819714     
   11.1199997514486        1.00170378316978     
   11.1399997510016        1.00338272071537     
   11.1599997505546        1.00129584189403     
   11.1799997501075       0.999817343020148     
   11.1999997496605       0.998404459532002     
   11.2199997492135        1.00210749480259     
   11.2399997487664        1.00072916289671     
   11.2599997483194        1.00013419830776     
   11.2799997478724        1.00268144476894     
   11.2999997474253        1.00115109940370     
   11.3199997469783        1.00061121779727     
   11.3399997465312        1.00018191293927     
   11.3599997460842        1.00092818356676     
   11.3799997456372        1.00067100170830     
   11.3999997451901       0.999021592598719     
   11.4199997447431       0.999249035825262     
   11.4399997442961        1.00047995914829     
   11.4599997438490       0.999876724196863     
   11.4799997434020       0.999637462470542     
   11.4999997429550       0.999068899800573     
   11.5199997425079       0.999718747547271     
   11.5399997420609        1.00052653315833     
   11.5599997416139       0.998673212054215     
   11.5799997411668       0.999986384888088     
   11.5999997407198        1.00090605655906     
   11.6199997402728       0.997445119876980     
   11.6399997398257       0.999216416767593     
   11.6599997393787        1.00170956827305     
   11.6799997389317        1.00073777641499     
   11.6999997384846       0.999891626417480     
   11.7199997380376        1.00009820105151     
   11.7399997375906       0.999923116465639     
   11.7599997371435       0.999584671613483     
   11.7799997366965        1.00138698984008     
   11.7999997362494       0.999546290816929     
   11.8199997358024        1.00109032668124     
   11.8399997353554       0.998156695171838     
   11.8599997349083       0.999547027357831     
   11.8799997344613        1.00021487869823     
   11.8999997340143       0.998047502283876     
   11.9199997335672        1.00013308115454     
   11.9399997331202       0.999779405202825     
   11.9599997326732       0.999192566437360     
   11.9799997322261       0.998693966262116     
   11.9999997317791       0.999378099521583     
   12.0199997313321       0.998359923898022     
   12.0399997308850       0.998637849298654     
   12.0599997304380        1.00058617837474     
   12.0799997299910        1.00098949773606     
   12.0999997295439       0.999415190528774     
   12.1199997290969       0.998697284755589     
   12.1399997286499        1.00037234143805     
   12.1599997282028        1.00047420983835     
   12.1799997277558       0.999090602453849     
   12.1999997273088        1.00134986718522     
   12.2199997268617       0.998166985161164     
   12.2399997264147       0.999072435699246     
   12.2599997259676       0.999817660341665     
   12.2799997255206        1.00099266426250     
   12.2999997250736       0.999681498423121     
   12.3199997246265       0.999065161150983     
   12.3399997241795        1.00013580061163     
   12.3599997237325       0.997327034009823     
   12.3799997232854       0.999912784089325     
   12.3999997228384       0.997821996677472     
   12.4199997223914        1.00090919279127     
   12.4399997219443       0.999918111849731     
   12.4599997214973       0.999635367234722     
   12.4799997210503       0.999781997706694     
   12.4999997206032        1.00124649916492     
   12.5199997201562        1.00286033611066     
   12.5399997197092       0.997963333163024     
   12.5599997192621        1.00037493235428     
   12.5799997188151        1.00147680768676     
   12.5999997183681        1.00168696181989     
   12.6199997179210       0.998659480730485     
   12.6399997174740       0.999596856188255     
   12.6599997170269        1.00037425281100     
   12.6799997165799       0.999526608694860     
   12.6999997161329       0.998922681216985     
   12.7199997156858       0.999867817497036     
   12.7399997152388        1.00090516954266     
   12.7599997147918       0.999404570830198     
   12.7799997143447       0.999059707569990     
   12.7999997138977       0.997515425722266     
   12.8199997134507       0.998740701927086     
   12.8399997130036       0.998793273147061     
   12.8599997125566       0.998794669774841     
   12.8799997121096       0.998175617070656     
   12.8999997116625        1.00028760140977     
   12.9199997112155        1.00032976152933     
   12.9399997107685       0.996899878514650     
   12.9599997103214       0.999019398658986     
   12.9799997098744        1.00054582228018     
   12.9999997094274        1.00045887677650     
   13.0199997089803       0.999729410075531     
   13.0399997085333       0.997977733659716     
   13.0599997080863       0.998689674056216     
   13.0799997076392       0.999788511370135     
   13.0999997071922        1.00053193701956     
   13.1199997067451       0.999542757525416     
   13.1399997062981       0.999314539678406     
   13.1599997058511       0.999401216083742     
   13.1799997054040        1.00013317850451     
   13.1999997049570        1.00170177109951     
   13.2199997045100       0.999650650549492     
   13.2399997040629        1.00266414670603     
   13.2599997036159        1.00101054852100     
   13.2799997031689        1.00227198387633     
   13.2999997027218        1.00083021213753     
   13.3199997022748        1.00416114687576     
   13.3399997018278        1.00341530496471     
   13.3599997013807        1.00345586288384     
   13.3799997009337        1.00290793744733     
   13.3999997004867        1.00089738528310     
   13.4199997000396       0.998716542148527     
   13.4399996995926       0.999506371701140     
   13.4599996991456        1.00045779603405     
   13.4799996986985        1.00232811756238     
   13.4999996982515        1.00066316051999     
   13.5199996978045        1.00092786543506     
   13.5399996973574        1.00192883490003     
   13.5599996969104       0.999516809577755     
   13.5799996964633        1.00006602900044     
   13.5999996960163       0.999045180393880     
   13.6199996955693       0.999581803254743     
   13.6399996951222       0.997951063764391     
   13.6599996946752       0.997920138257404     
   13.6799996942282       0.999963025787136     
   13.6999996937811       0.999541815923021     
   13.7199996933341       0.999405831446096     
   13.7399996928871       0.996333110379257     
   13.7599996924400       0.999109041832112     
   13.7799996919930       0.996735258593008     
   13.7999996915460       0.997611089705662     
   13.8199996910989       0.998819556722241     
   13.8399996906519       0.998550770274852     
   13.8599996902049       0.999780215397844     
   13.8799996897578       0.998142992422842     
   13.8999996893108       0.998309694979347     
   13.9199996888638        1.00020828558681     
   13.9399996884167       0.998782851930765     
   13.9599996879697       0.999057576463566     
   13.9799996875226       0.998481134364666     
   13.9999996870756       0.999349070266930     
   14.0199996866286       0.997823804297681     
   14.0399996861815       0.996866436491457     
   14.0599996857345       0.997430379714581     
   14.0799996852875       0.997677857228514     
   14.0999996848404       0.998203802907448     
   14.1199996843934       0.998662085944180     
   14.1399996839464       0.998641046258861     
   14.1599996834993       0.999291167448464     
   14.1799996830523       0.997706071342444     
   14.1999996826053        1.00054391893473     
   14.2199996821582       0.999140469205814     
   14.2399996817112       0.996889340415401     
   14.2599996812642        1.00101852673807     
   14.2799996808171        1.00043195115205     
   14.2999996803701       0.998702845725067     
   14.3199996799231       0.999930096966441     
   14.3399996794760        1.00150329181355     
   14.3599996790290       0.999174915725473     
   14.3799996785820        1.00171531156793     
   14.3999996781349       0.998925082865021     
   14.4199996776879        1.00112652084759     
   14.4399996772408        1.00048984305496     
   14.4599996767938       0.998477305563067     
   14.4799996763468       0.998743965812861     
   14.4999996758997       0.999884639881751     
   14.5199996754527       0.999539338193812     
   14.5399996750057       0.999837621738213     
   14.5599996745586       0.997909429541874     
   14.5799996741116       0.998408209631334     
   14.5999996736646       0.997448610172495     
   14.6199996732175       0.998307012460314     
   14.6399996727705       0.999074802459769     
   14.6599996723235       0.997623232974287     
   14.6799996718764       0.996856818696102     
   14.6999996714294       0.998574212865206     
   14.7199996709824       0.998594638999644     
   14.7399996705353        1.00018902517960     
   14.7599996700883        1.00096284517197     
   14.7799996696413       0.999703436711659     
   14.7999996691942        1.00029044618112     
   14.8199996687472       0.999708771852015     
   14.8399996683002        1.00059964185160     
   14.8599996678531       0.997044995263032     
   14.8799996674061       0.999839641023551     
   14.8999996669590       0.998582535213899     
   14.9199996665120       0.999231621102372     
   14.9399996660650       0.999634116543458     
   14.9599996656179       0.999577049068424     
   14.9799996651709        1.00013992506634     
   14.9999996647239       0.997846373070163     
   15.0199996642768        1.00002622325828     
   15.0399996638298       0.999639788711905     
   15.0599996633828       0.999081442761782     
   15.0799996629357       0.999868007020739     
   15.0999996624887        1.00017323358269     
   15.1199996620417       0.997257474233239     
   15.1399996615946       0.997637564943403     
   15.1599996611476       0.998757610460142     
   15.1799996607006       0.997356150255316     
   15.1999996602535       0.998266959499516     
   15.2199996598065       0.999312534094621     
   15.2399996593595       0.997490577174892     
   15.2599996589124       0.998010688026536     
   15.2799996584654       0.996931643311688     
   15.2999996580184       0.997796775468989     
   15.3199996575713       0.996985564489110     
   15.3399996571243       0.998439370796262     
   15.3599996566772       0.999023464377735     
   15.3799996562302       0.998079383000554     
   15.3999996557832       0.998934829450784     
   15.4199996553361       0.998389134787702     
   15.4399996548891        1.00043305228724     
   15.4599996544421       0.997971982643305     
   15.4799996539950       0.998846267758424     
   15.4999996535480       0.999696492547020     
   15.5199996531010       0.999805374164008     
   15.5399996526539       0.998310911816506     
   15.5599996522069       0.996914841359970     
   15.5799996517599       0.998657725716792     
   15.5999996513128       0.997118225035747     
   15.6199996508658       0.996401095358759     
   15.6399996504188       0.997935832578922     
   15.6599996499717       0.999681211709791     
   15.6799996495247       0.999110641290988     
   15.6999996490777       0.998656761535818     
   15.7199996486306       0.998532868489312     
   15.7399996481836        1.00009810090534     
   15.7599996477365        1.00052903000979     
   15.7799996472895       0.997757373502062     
   15.7999996468425       0.997952346995492     
   15.8199996463954        1.00180774346375     
   15.8399996459484       0.998436210396591     
   15.8599996455014       0.998734892256995     
   15.8799996450543       0.997765792624843     
   15.8999996446073       0.996754113905997     
   15.9199996441603       0.998797193698380     
   15.9399996437132       0.997512353732950     
   15.9599996432662       0.997998428113629     
   15.9799996428192       0.998105057158755     
   15.9999996423721       0.998172898535131     
   16.0199996419251       0.999149034601644     
   16.0399996414781       0.997654844651318     
   16.0599996410310       0.997206754616256     
   16.0799996405840       0.997554811403337     
   16.0999996401370       0.996325026446791     
   16.1199996396899       0.997033459415783     
   16.1399996392429       0.998243964166986     
   16.1599996387959       0.998021835890183     
   16.1799996383488       0.998064449694841     
   16.1999996379018       0.997357084255984     
   16.2199996374547       0.996009154779574     
   16.2399996370077       0.998811141755245     
   16.2599996365607       0.997809558183429     
   16.2799996361136       0.996214457831406     
   16.2999996356666       0.995936956411817     
   16.3199996352196       0.996711502746912     
   16.3399996347725       0.996653092791450     
   16.3599996343255       0.998147971717334     
   16.3799996338785       0.998035757563377     
   16.3999996334314       0.997236424688076     
   16.4199996329844        1.00014667968940     
   16.4399996325374       0.998595696492387     
   16.4599996320903       0.998606691093382     
   16.4799996316433       0.999327051900081     
   16.4999996311963       0.997987546240562     
   16.5199996307492       0.997676690426968     
   16.5399996303022       0.997752452524666     
   16.5599996298552       0.999821070431873     
   16.5799996294081       0.998866368897838     
   16.5999996289611       0.997589380444581     
   16.6199996285141       0.997716323724803     
   16.6399996280670       0.998587357916212     
   16.6599996276200       0.998748601962157     
   16.6799996271729       0.996835391216786     
   16.6999996267259       0.998113907111707     
   16.7199996262789       0.998866143111102     
   16.7399996258318       0.999727041009284     
   16.7599996253848        1.00105329043771     
   16.7799996249378       0.997045542688801     
   16.7999996244907       0.998703202176295     
   16.8199996240437        1.00010277517842     
   16.8399996235967       0.999323042331756     
   16.8599996231496       0.998104109461219     
   16.8799996227026       0.997722001340095     
   16.8999996222556       0.997551387969806     
   16.9199996218085       0.998763090108243     
   16.9399996213615       0.998504796473117     
   16.9599996209145       0.996539033023271     
   16.9799996204674       0.997513458606534     
   16.9999996200204       0.998038817424117     
   17.0199996195734       0.997631890520782     
   17.0399996191263       0.997641308025932     
   17.0599996186793       0.996264973889814     
   17.0799996182323       0.996547202947145     
   17.0999996177852       0.998324047338953     
   17.1199996173382       0.997570750186077     
   17.1399996168911       0.996214838808347     
   17.1599996164441       0.997481839661576     
   17.1799996159971       0.999015548354260     
   17.1999996155500       0.997880008850155     
   17.2199996151030       0.997593453297625     
   17.2399996146560       0.998393967721260     
   17.2599996142089       0.999321647672629     
   17.2799996137619       0.997967786233152     
   17.2999996133149       0.999429388311803     
   17.3199996128678       0.996694072260024     
   17.3399996124208       0.996328306960377     
   17.3599996119738       0.997214083440273     
   17.3799996115267       0.997194053022171     
   17.3999996110797       0.999306342668447     
   17.4199996106327       0.998233881801071     
   17.4399996101856       0.997792062499523     
   17.4599996097386        1.00010708600686     
   17.4799996092916       0.998183147852406     
   17.4999996088445       0.997682683337992     
   17.5199996083975       0.997507935189359     
   17.5399996079504       0.998227981710347     
   17.5599996075034       0.999869206844978     
   17.5799996070564        1.00046278269729     
   17.5999996066093       0.998248785937726     
   17.6199996061623       0.995359364097508     
   17.6399996057153       0.997897001388005     
