1.24863626025588
2.09940449743420
-1.54431386668290
0.927304127320367
0.261166283520420
0.119503809319332
-0.569689588907659
-1.27040531373131
0.943118985244831
0.856279294232163
-1.13782844927021
0.747312733428521
1.93828043607640
-0.447452259084196
-0.327034899758609
1.14320033019171
1.93101859873359
-2.05791384794161
-0.736074238465743
-1.13427901804979
-2.90353914963073
-0.419160691257454
-0.875662945997006
0.769350211508997
-1.52120021843999
-0.804861409652316
-0.739655874158327
-0.145339653736101
0.118137696129978
0.941034270782828
0.916092570711683
-0.470060609592207
-2.32742944439881
-1.18534754742166
1.54138431326028
-0.389222992421622
-2.33612628012433
3.16931786387636
2.76749152327858
-1.30882384688919
0.438585559315555
-1.70986843946752
-1.37023105362285
1.79586534022230
-2.35283229751464
-0.711843448226641
-4.246409849577211E-002
-1.11358021311608
1.06263105854192
-0.974138992153146
0.324360136831258
-2.02269243233306
1.68964272999149
1.58451353605691
-0.691680768124511
0.842640977222207
0.145782571863450
1.27100533467542
0.174412488705922
-0.493985003163048
4.46569142225064
-0.521044348025830
0.615566636868115
-3.01617323348553
-1.22384828111331
2.92834995425418
2.08298199892767
-1.49838875076056
-3.02127559797944
0.119189216178842
2.30394836746760
0.410539189397469
0.118771497581885
2.49668227279582
0.966526747598414
0.887674964817756
1.25160562994630
1.60249789294479
1.86966610794074
1.64814867281283
-0.695152785217147
0.812416594697051
2.37279841341609
-1.96393197057805
1.04368739360597
0.573994982062815
-3.54035759341840
-2.29301112969127
-1.75452440258264
-2.92400552120242
0.275896492123777
0.353064363290461
1.39077283311381
-1.64910620851330
2.14941814900259
0.218711376514966
-1.18149733072281
7.126357358262220E-002
0.281290569383595
-2.00279299260210
2.75921922586234
-1.86470430172389
0.696174679272286
-0.406070834296387
0.551288091995842
-1.53759319123490
-0.863830324806477
-1.79330707502583
-0.129571747019861
2.02719926476466
-1.50594809996383
0.239363966474910
0.381652802836810
0.209434266192726
-0.784694670322414
1.95514858470954
2.23076361688527
-0.647160207601073
2.00975476990264
-0.938457684756086
-1.00937608608126
0.996663094071915
2.08089770598044
0.404211605331056
-0.534728065071070
-1.62203432080380
-1.27708998219486
-1.10547137918541
-2.95515809622769
-0.147709526271942
-0.672984116498033
0.414526783005662
0.899634042805846
0.805773594338741
1.63706632105424
-2.26363164001673
1.97298339433197
0.494655285839548
3.536558666654625E-002
-0.530136373104227
0.399970941757796
-2.45420830667067
1.22444403386510
-1.13997715930553
-1.16662679159782
-0.828151266776598
1.03388388903144
0.717657305479217
-1.52148485492085
2.23147086943206
0.394800682178439
3.24060365424381
2.87373419686202
0.427417753403260
-0.450550053980096
-1.39760844672954
-2.98147428651473
-0.113428676986021
0.400895722428262
1.009129141036796E-002
-0.846334479323130
-8.403256870673857E-002
-0.812735916195103
-0.390937974086022
0.621182638933692
-0.948617547087768
-0.959759048392983
1.28146312443377
0.117333296837143
-0.136101398576076
0.189581034688994
2.87432008550725
1.19079961714198
-1.37480094053465
0.753051833956373
-2.34449263119279
-0.592069799578285
-0.591385451013207
-1.69984245226600
0.333714699522153
-0.553292351499495
1.21534575434014
-1.63892245248078
-1.85345348170276
-2.09515732001272
-2.49902550969594
1.00343917282262
-0.749582657123732
-1.51812790707763
0.452331138429965
-2.47156780537337
2.24648880647757
-1.95974758280137
-1.14493069021994
2.18781740115744
1.11047936522565
0.751141839458143
-0.601423817274631
0.208666370068525
0.255036377220808
-0.965757221126459
0.138091788658152
-7.567618790412488E-002
0.447022624846286
0.640277918630585
-1.33806385779679
0.133846755626692
1.11083726675733
2.40229246538288
1.33152928863230
0.705992561271114
2.75267208232115
1.41315260573594
-0.449015969395932
0.683543833699567
-9.656432380839627E-002
-1.11905703144291
0.894075605250407
0.519552060972041
0.467036991856069
0.815518161075681
5.600122390052915E-002
0.617243544679801
-1.29484046815423
0.269024901652097
2.00744892394846
-1.91815756634603
1.02456962546930
-1.18290817770887
0.318311498434737
-1.96826816229689
-0.340669375137170
-1.46876337246199
-1.24826777408602
1.50245946751139
0.960114676107679
0.370556163858153
-0.214480128776801
2.85474237468537
2.44057218226800
1.08491940671181
2.65841523564640
1.75525965966956
3.04422008598501
-0.745665069693146
9.599599021391675E-002
2.43779720372181
0.724535169540331
-0.791759019831949
0.990674180190435
0.790783319603390
-1.66436784785714
-1.60171739772052
-3.73396814084678
1.89860418779809
0.768604744487834
0.697203127045807
1.90432946009617
-0.211585053629175
0.177818821092390
-2.21632364479145
-0.565179077768377
0.247466693424049
-0.618544466555059
-2.65901898253819
-0.372690019669127
-0.503488080552049
-0.171235717315937
6.407605048321900E-002
1.57560938433717
1.95910033735293
-1.45218641988799
-0.912420654494587
-2.80901018433845
0.694070799007716
-2.48811174985724
-0.846137490262913
-0.793372094721932
-1.44415246168272
1.83735158531949
0.190243265867885
-1.35600448538776
-0.390409518572116
-1.13817243167193
-0.335146496391077
-0.829596507957662
0.360778893555536
0.174579103300086
0.379552793207241
9.571067431052219E-002
1.61415872158385
-0.877692413331926
-0.755338545544331
4.269238190835023E-002
-1.16518276665172
1.51418497262726
0.393831875260040
0.933234702424187
-1.93075206260447
0.391068474585350
-1.00922991868609
-1.95423093497456
2.10742477127756
-0.610310293909342
1.35047297602954
-3.49361255968074
-1.00100840975398
-0.670259545156467
1.56425526836178
-1.10703112388975
0.739654065157572
-1.00486123198871
-4.616556839963173E-002
2.10233451639883
-1.90607177973631
-2.63712958361260
-1.12882520080713
1.24611759327077
0.127262877166621
7.339231363053535E-002
0.606872989343421
-1.03608502108041
0.447254252057264
-0.161601240365656
-4.02762054992772
3.563863425424908E-002
0.803331286687566
-0.698206593739517
1.27226117679401
1.20430494285750
1.32511884235102
-1.66841709315082
1.42945032985204
2.23716347350189
-2.50385560930377
0.832495492984291
2.75429509043032
0.665629640397290
1.55927034834635
-1.56329361352713
0.823789360022671
-1.14699151090086
8.678959979478103E-002
-0.587772378924434
1.17736975935420
-1.87222409539375
-7.976562848669186E-002
4.030940425620130E-002
-1.77583405109788
0.189435174978088
0.171700315657900
-0.575819975388994
0.443513323419612
0.301573815058986
2.78696604272695
1.35600449269135
-0.642271484716791
1.73575134866216
2.22792253763341
0.510594907507860
-1.58712304715984
1.39813913912324
0.795112130451871
-1.59611532037837
0.455637620473951
-1.299377411768665E-002
-1.95732701225259
-1.40855995035544
-1.75941139427305
0.423450629548894
0.643626893689584
0.658747010684320
-0.830026620402712
-0.607007125195874
-2.74607803589217
0.593826483373962
-1.59357013605993
-1.71241651516455
-0.838907505428168
0.477160651401226
-0.697187792455114
0.323086475080974
1.24115928155960
-0.397311225272175
0.918175602807479
-1.78011619497206
-0.319850436250508
-1.35711244323021
0.867724809449779
9.070013602611067E-002
0.158934476106055
0.670349010467252
0.170190256982287
1.37271119640908
0.926332957470250
-1.38221574961517
-2.18418294308638
4.426804449301302E-002
-1.51822545311154
0.641810426952937
-1.74206375654722
0.229597778416000
-2.05158991581403
0.838204097538593
0.914341938201428
2.12479010284816
-1.33599902535201
-1.32519461207465
-2.13401748778552
1.92015661452430
-0.289436259155342
1.11371238819621
0.543987922638597
2.21092464647209
1.88761651310879
-1.20239411296817
1.52770192173847
-0.264824407255880
1.70286846045741
2.44391368333930
0.990215599758318
-0.801738510442138
0.234218935184113
-0.737142733199717
1.25065186242459
-1.33928969834651
0.808923026703061
-1.29163937693377
-1.90912751378771
-9.380822668091980E-002
1.65068749464976
1.60203455063105
1.43933307821095
-2.13741254180332
0.962677661633542
-0.488883626417794
0.694957835305966
0.367381705304245
0.322326812939816
0.401109252786226
0.311340815784976
0.164015490259327
-2.63795958539363
-0.156731615599237
-0.713098550307702
1.76129462066638
0.873222247444908
-0.322858218572889
-0.668193537301344
1.03488000695001
-1.94440329562063
0.644987604798256
-0.212972447537674
1.22030111281257
2.43153671977729
0.633764584524657
0.466211654676923
0.440165578013248
-1.519682258792969E-002
-1.19093777679702
-0.345369071392318
1.42252276243907
-1.27552271019809
1.40752873779892
-0.466607606473391
-1.75704903543518
-2.23641599204584
-2.07229273501530
1.04700318553864
-1.95674032266677
2.50952337624820
-1.46080752371049
-0.501266387205580
0.611316151681878
1.31886911377533
-2.17702914705927
2.52966495902508
1.11260155775383
1.05078089602823
-1.82587032599539
0.917408383657593
-0.613146484356238
1.78840649026850
4.26098131837660
-1.28888704700740
0.117918299314324
-1.40302680331968
1.41223155180683
0.499648059251115
-0.979000695662637
1.84045003463579
2.25727143524222
-3.24569315621280
-1.99800645870976
2.10337764716748
3.15014174750488
1.04114028190869
0.929193316094441
1.78222291163445
0.145382343144085
-1.21366412149407
1.89253810417464
0.437401507988603
-0.969186426253101
0.538990710657917
0.105439185521624
1.45284744891960
-1.72910089054263
-1.086878518709990E-002
-0.220630482998662
-2.77326024263256
-1.71856334787598
-0.690333817573042
-0.355719277284282
-1.24582746502222
-0.469950657319619
0.872724166109359
-1.16864616822798
-0.484071339612281
-2.41201292504983
2.08419921344958
-0.539545899028308
0.461375538960629
0.653833219805626
-0.216159121674325
-1.21672062604842
2.55839160621963
0.923009609605506
-0.557057124768258
2.28516391298964
1.68936695975665
-0.642086484524182
-0.785241247480419
2.245058801234149E-002
-0.908466851489137
-0.508087068371621
7.629761521712963E-002
-1.16119560570878
-3.04847300344041
-3.06966169449523
-7.910660850764220E-002
-2.49833714216518
-1.82353103077877
-1.35698259396488
-0.913377694358898
1.42131341652098
1.23519535090375
-0.378464620221219
-1.46884063745303
1.34730962185415
-6.395886276452678E-004
-1.20975342251725
-1.05770346418213
-1.47090203015833
1.50425279227362
-0.398701403583338
-2.26502652512481
-0.849876931430767
-0.311326782837257
2.09574603067746
7.697591765194306E-002
-0.900350506540907
-1.98402986803352
-1.62638064140527
0.305754645925253
-1.13298204020725
-0.774218764225462
3.014708871837337E-002
1.74522776930096
-1.88974339424078
0.996532742936726
-0.519972242743452
-0.378880820439759
-3.21773159260139
5.668616577649096E-002
0.994686848498475
-0.602483618312300
2.28943576267517
1.23920457309577
1.77529540796482
-0.217375123343233
2.02432931020288
-1.41273527118764
1.36189512920628
1.56345637027017
-0.955367600813030
0.702011083721736
-1.18769434985238
-1.36916022374403
0.504876857677231
-0.891649097285654
-0.393515108815432
-0.601351148903247
-0.659024599574621
0.182885045828509
1.01196128834808
0.356466496302966
1.00194088103586
-0.283476769561068
2.80122715771342
-0.372131528602925
-2.74158711398030
-1.19160954570393
2.18604127227377
4.152900535234937E-002
-0.185688566653325
2.92863338647323
-4.30910594860881
0.119749905816002
-4.02073407138045
0.224764687813869
0.435940057690032
-0.110144436926315
0.899851576830979
2.04684290040620
1.339026275603744E-002
2.64660091676102
1.47251217995919
-2.55552536893128
3.34634489126948
2.09966975595145
1.25589164745115
-0.784326612657141
2.00538907825541
1.49729588644565
1.89470089580424
-0.212810705012892
-3.37392749639042
-2.87159130766927
2.18855099943002
0.278537443716491
0.970091076131095
0.346317290550130
-2.73364173306388
1.08853349996261
1.29998513123542
2.39556134677136
0.660215193653026
2.037098078740715E-003
2.81656423912855
-0.131051897160428
1.348738511906171E-002
-2.59268609127522
0.519310485781561
-1.47767975130387
0.520740493888974
1.67735098941535
-0.808523820807090
2.04824708369249
-0.793735641806968
-1.00009645259924
-0.857380737685494
4.43308061061172
-0.774218319639796
2.00761475882331
2.43708253500307
-0.644963186412235
-0.907800939718920
0.950474077744461
0.399563216234886
0.118192912885985
0.367332010159483
-0.416194437274843
1.69533780465361
-1.07457678693650
-1.48291273378308
-1.64133782075558
-1.05453256130925
-1.61131926715420
-1.02178074354404
-0.514026587843737
1.79888701598703
0.904283072382378
1.45671007079610
1.85475194970755
-0.181310135358515
-2.22810396267684
-1.21656411897689
-1.18740262873336
-1.81708740815500
-0.186982319514977
-1.456678505538842E-002
1.19543660088239
-0.541283330637412
3.42091079299057
1.00803748272509
-0.173876693841592
-0.865189622740501
-1.81748894703683
2.05456156724107
0.552643920328299
2.18417870503490
3.66980936156503
-0.145110526180568
-0.572991265009883
0.217726726985698
-2.59411769194456
-0.471768684814395
-9.138586356895063E-002
1.99411387959280
0.475276412593267
1.96827460988587
-0.982804710801211
-0.928172364217894
-0.889961053498902
0.256846401306117
-3.58127630086515
-1.68992312353792
-0.960358453401334
1.59214115677947
-1.35342772377157
-0.613628746631117
-1.46069589841836
-0.682949108118276
0.423112837891479
1.82150668515251
-1.93877651974322
-1.44518949232260
1.27402873826184
-0.795457329006956
-0.975003295722939
0.105554993579355
0.170124365909769
-1.09964382271369
-0.265361308147869
2.67394771322677
-1.55554631514908
0.751414354862234
1.14744141040674
0.526070509925171
-1.68642240850795
0.330962668449067
0.817015623545276
3.12796594310846
-0.325147815994770
2.04610272633874
-1.46262459657002
0.201622452122051
-1.27552013248157
-1.85686006706105
1.11821249730546
-0.452576661156089
-0.408989134268806
-0.471940603013617
-2.16519569669740
0.207783534235396
1.04360746226795
-2.29752589774773
0.884152005132688
-0.656396872410718
-1.43057209189760
-0.196809637253428
7.069847682376224E-002
0.210932274241866
-0.296588960098065
0.556298326312922
-0.613321419006053
0.565073212638316
0.947559292832476
0.112649783009216
0.569617264624859
-3.26138835991148
0.871038079118795
0.276707295154412
1.22940481086470
-1.40605477262688
0.648218882850151
1.89132564620932
5.122375576723012E-002
1.76469446211169
2.94325778320995
2.24769154476163
-0.761821948166478
-5.469474726424791E-002
2.061094095272164E-002
1.14242836261990
1.51596299245827
1.42813529210809
-0.809807253376943
2.11020832628195
0.783491919584475
1.59234046358072
-2.58759201514937
1.33838580820014
0.968205360428707
-9.233811374807599E-002
-1.63592247080905
-0.137995763912108
-1.16763409721670
1.02272679481561
1.66382450669038
0.728613745003353
0.596333707555671
1.38349987677326
-0.362052008183615
-3.87966507484925
1.38969236003858
-1.50035118099734
2.15165319565026
0.831795484369281
-0.332466269871843
1.18872873713094
-3.60191970911651
-2.41964815440379
-1.75189379173459
-0.735386186481173
-3.05809362782572
0.709776592064888
0.756403904267062
0.939830042795475
4.28216288129855
0.840062482638820
-0.163561994552584
1.31907695814198
0.650811030632423
1.44492685072926
-2.37972573643796
2.37596801934400
-1.80842284672914
-0.861085365105618
-1.51845380462670
-1.50128427258144
-1.94973495098093
1.40096333359554
2.38750956161994
0.998412427279995
-1.24190646547411
0.685721094403057
0.309111613150116
1.26888960740581
3.66995243339575
-0.995779408931393
-1.18042580142705
2.16426655884941
0.392966489487912
2.01418992806277
-0.851685946512540
0.485486174832712
-0.358757150487264
1.92606600702073
5.607452262617328E-002
1.23395434863165
0.835665044054226
-2.78734753302152
-0.448468470712086
-1.15663817344604
-1.43059767783642
-1.02686706826149
1.11973425515191
-1.15387947950426
1.24194181987148
1.74525574568427
1.92690359857049
0.789240340958181
1.10515355842891
-0.600221501784804
0.499423352266139
2.00691158105078
-0.192354159060973
-0.340517318029166
-0.430738187261245
-0.224394435471531
-0.536699457625323
0.316484636744759
-1.56423639064102
1.33186833122035
2.42184335028292
-0.188669036069897
1.84836638042385
-0.703747555769035
3.58716683924100
-1.07719664688134
1.02127046943450
0.255810754072721
-0.384207644863517
0.109572122793753
-2.78572012684936
-0.177730133338997
-0.168231654300253
-0.543292190112700
-1.27667676403056
-0.289386240972017
0.289389975766448
0.346645994431380
1.10813672845884
0.424874639048102
0.103223186525638
0.940568868064067
0.491153861608383
-0.302528631665460
1.72048934242036
3.02525980667545
-2.51479145673842
1.28121047595719
1.47456923576723
0.862263039817246
-1.14613799870282
-2.39986755596758
-1.39258768908734
-1.30655871868764
1.06328755349392
0.247543373030444
-8.229218788862380E-002
-3.609138190164587E-002
-9.970330208768388E-002
0.845625267174283
0.249310561864094
-0.395419111845007
-1.91527224134273
3.02663722874186
1.80877022514384
-0.879326431604817
-2.73678942327204
-2.95674271513572
-1.95903868639023
-1.31708865926948
2.00451464038036
0.589109275204326
3.31985908758142
1.94628152513482
-0.312500817614598
3.373470124979974E-002
2.27779699833448
-1.16754663082901
-1.71504732546708
0.225485416034619
0.888291108625113
0.933145205490191
1.03485286898624
-1.88723803173334
-1.35363903388417
-1.09258483364483
-0.517471187469369
1.31059066714194
-2.01279375101636
-0.918911000292066
1.32327675782712
-0.552358098741570
1.09431592653680
-2.86127977401428
-1.54625188658340
-0.655943942477079
-1.86550729891641
0.368520802507998
-1.14262681280338
1.60304014366528
1.18140053887240
0.233673562811645
2.11500140331041
-1.90036228082402
1.35653788438625
0.559092899677532
-0.130527112031988
-1.23107379559987
0.499409798132269
0.886052209989615
-0.244732155740746
-0.500497757931003
0.677619746388826
-1.89269791623828
1.22583163927240
0.424887176191615
-2.68901703180577
-0.582394368036090
-1.81696325821188
-2.27635718397779
1.62617069293324
0.441625255665517
-1.79059606775536
-1.79772114142555
0.911431273853358
-1.63615896073558
0.247900893998332
-3.748404673762940E-002
-0.389155210802854
-7.287143270415751E-002
1.41832074950984
-0.961876790433402
-1.47973103414953
0.840597098742231
-8.077687551801535E-003
1.10318093616364
-2.58208537322378
1.01192834510162
-2.03799453242801
-1.32090039339124
-1.56821160380202
0.558789721386778
1.12159828399037
-0.909190146760824
-1.68025107872686
-2.25988128625005
9.644492240148247E-002
-0.786935204966102
-2.38420787693410
1.06080363708065
0.437339051497677
-0.545511783080410
-2.14113856097792
1.21114535045728
