-1.15123678752933
-1.32347258514103
-1.15852801996692
-1.45273036647151
1.24329879688009
-1.54190481445511
0.922559197833721
1.32124122729581
-1.96053106579387
-0.175975399338087
1.41796428206509
1.04635488407068
-0.363655467876671
1.27204761831415
-0.847784308111495
2.19506382307102
1.72927663232983
-1.38111574615805
0.998688209410874
-2.17353904277621
1.58149538420059
0.751433919593096
-1.22139346667804
-1.05482623791284
1.70428106873552
1.40710591785346
0.458599982865264
-1.92878930096472
1.19750166700576
-0.211842913450880
-0.309400704274296
-1.08020219588276
-0.317341491523132
0.261770022867239
-0.822604324859557
0.396358071168495
-2.12051219623536
-0.479892512854818
0.185447786090243
-1.78820335292303
-2.05999627108214
-0.619415556873697
2.19543837449941
-0.901725790996293
-0.524575307399064
1.50429501603987
0.588009004034005
-1.10846205700017
2.593958067633707E-002
-0.192852211816370
0.375176646315856
-0.802349553424625
-0.575917708354849
1.49707214016764
0.124261044860019
-0.600733471083105
-2.49202124317971
-8.196130496358703E-002
-0.856061985770808
-1.70538126432248
3.02951787592846
0.997484237889723
-0.817549642465342
1.64945480831729
9.537307144127542E-002
-1.64078485259069
-0.995126872940145
-0.938369298870584
4.687621431127711E-002
-0.384480329728239
-1.45413801457301
-1.40349626675436
-1.85074544544402
-0.601388785362705
0.523123975280397
-2.831432114380335E-002
-2.07618919153039
-1.01227611484582
-1.30171259345787
-0.604715260904095
0.212483791996617
-1.30534635871006
0.471745823928158
0.574346049470798
-0.208054541993171
1.50636061894572
-1.41383252952827
-2.60343051961416
1.42603927855184
-0.966747055133898
1.66812562652875
1.48074164033993
-2.37838735258780
0.290252890439458
-8.692110009425320E-002
2.15617127207719
-1.81254177286145
0.687448072330583
-1.66278631044373
-0.915419356533912
-0.269843508906141
0.203148018217015
-1.48328879485163
-1.31439251367297
-2.26617657494542
-1.84914656919523
0.381245156530364
2.18783366755946
1.38661399622863
-0.171552733182250
-0.993193665723800
-0.564217461718763
0.854707066656726
1.60616507998425
-0.585447968757226
1.38913633694240
1.68790478505489
1.887163622671069E-002
2.85185249722758
-2.61992868650530
-1.26285299748433
1.73068258031458
5.356738990921379E-002
1.59123658598142
-0.586199747555633
-1.10749205322460
3.889255661376175E-003
1.01946040466382
-3.78711205650120
-0.221832940046954
-0.350048445274235
0.635915060518858
-1.75417430292823
1.68783592624865
-0.452158614928103
-0.314375343798281
-0.342978412544840
-1.31089810036800
0.132571403406024
0.911568003447912
-0.896632349575044
2.482558959575626E-002
-0.768828674079704
-3.05387570192902
-1.14554004229748
-3.12302114515006
1.43591149041721
2.34842902318268
-0.304643976344389
-1.38780777412900
0.738791724893266
-0.145762877855127
-1.03249832836273
-2.89348090365587
-2.66303183805412
-0.560025573432041
2.04410129755770
-0.831719801955023
-0.954128587425912
1.55976026652161
1.34140185654858
0.267821083611839
-1.91408700100813
0.386659775040921
1.26784562415282
-2.57921417554822
-0.271305821173541
-0.495840963981833
-3.738184341861395E-002
0.567256232936608
0.471246588317568
1.34135780403654
1.70018235939555
-0.310035458343823
-0.752468803108566
-0.314086540654576
0.472225299007344
-0.426724748667192
1.31104114548829
-0.519291608601726
-1.06652407906659
-0.843352036772386
-0.112615416318172
2.81002191694410
0.984520152305833
-6.278424892844871E-002
0.417497243211959
1.46294518449370
-0.924079024234938
0.141576030805800
-2.92053008910207
-1.16636431834245
-9.899673099364922E-002
-0.589829531153639
-2.56441323614453
-2.82024462528929
-0.167009983408053
0.729933271865521
2.97117664530084
-0.791767085373160
0.900170465004465
-0.739293501231090
0.298986207164083
1.15824051423223
-0.385388536795843
2.11659093201564
0.124064757478199
-1.19758395305233
1.25030887731446
1.64984770815685
0.850811942042267
2.34989523556871
1.46856066753735
-2.00559512821414
1.92691354252709
1.76449064132760
2.36219359520416
1.65536205059655
2.37663095373227
3.51864355219004
-2.26025091267250
0.432006121393911
-0.226016559897124
-1.23651203873868
0.363773179683837
0.453668105401766
-0.811996587364294
-0.812477976159985
1.03319341651667
0.316634295379170
0.691383936183725
-2.52495174126624
-2.43124401500439
0.960064639983922
-0.687740293679835
0.217391283797238
0.167818632217385
-0.667493962513465
-2.15243553503584
0.361045307858501
-2.22071814935056
0.756085932903252
0.918679079392809
0.168213238988662
0.539325447255570
0.350679870097801
1.42466645162051
-0.217387173292810
2.75403702440300
-1.85310896685390
0.156354261559814
-2.40754415799403
-1.65171007136799
1.55260918065975
-2.26889479216148
1.69189926755098
-0.352294694806076
1.02729024978274
-0.773568190257581
1.07718777997054
1.67450746851223
-1.25964829351006
-2.16253736678769
1.54368425740897
-1.51508817244755
1.33334500578737
1.08334021281621
0.706530872560618
0.544154069464871
-1.406225843946145E-003
-0.351991726233073
0.696850563447044
-2.26072822174501
-0.375959762600874
-1.15819372379203
1.57003366803472
-0.791355474517758
-0.145533519214572
-0.254524314418057
0.746186770408892
-1.36749083920667
-2.41492092236048
3.05739891629090
0.416714717505275
0.777878201278511
0.775900442521611
0.754369126026625
1.04185113175638
-7.893745064196579E-002
0.954887472097127
0.854958332733447
0.373279809688612
-2.28582133835035
1.44055051671058
-6.290835743321714E-002
0.384482847836478
1.84327402088434
0.286181321502242
2.29527350254335
-1.54744297094719
0.581900294639263
0.287897936635705
-1.34750871657292
1.55523821507995
1.21364741482485
-1.63383120146381
0.755101530936415
2.04068950458437
-0.951482447991614
-1.24648041940106
5.581268762210739E-002
0.547394491750236
-2.35655187049479
1.11394907141100
0.145171298059706
1.78512981784588
-1.00708184630733
-1.09679665279773
-1.04819419290324
0.413189705176279
0.229355089363871
-2.54085509371304
8.662614977116380E-002
-0.888387471719075
-2.73802115101067
0.123600156125595
-1.82854549242061
-0.242474959559591
1.05924951284119
-2.82037525037526
-2.13854869227275
0.759862030913609
0.706570943562444
1.34113407855944
-0.103569959979456
-1.09298953285482
-1.29215838486779
0.814601727523176
4.182221320199259E-002
-1.31030716901756
0.552235479042418
1.67403087390984
0.709233370410624
2.55091898057068
-0.210898528079918
-1.38216106793159
0.573867836180261
0.293404822346252
1.11511812447667
1.11087114833467
-1.00469391141524
-1.44526639066211
6.933621528854017E-002
-0.953972681045381
-0.252437214329323
-0.315818596370010
0.780299868861614
0.193072591913217
0.278916876993706
2.13479536455860
1.72793303567446
1.10391298237334
0.915297714100492
1.05497293577333
-1.90208719824876
1.90803973805386
-0.385516225968881
0.136766490141072
0.114196284226636
-0.694601063051977
-2.78160233754881
-3.080547972233761E-002
-1.06050755247574
-6.390168004106410E-004
1.82331042323006
-0.152960019769699
-2.882202589042869E-003
3.07312332625715
-0.828940353448006
-0.212990647735038
-1.44459342805244
1.05165482063035
0.161224406967956
1.98165449715754
0.275861713071045
-2.35698971218632
0.538636913740313
1.17397299849582
7.365560009199373E-002
0.138037104151755
3.04618710206585
0.702795525048766
2.01891688846369
-0.490057530957113
-2.31197186348565
0.926605753678242
1.56951589710785
0.855501317144471
0.918493495075509
0.526534857124790
-3.21515098222071
0.165182963321329
-2.98270169919301
-1.01888356754649
-1.94646291917286
-1.23648695789494
0.305972057630817
0.273424779052244
-2.37952358959877
-0.115700498620575
-0.695686319187315
1.11990976326728
-1.86107226833183
-1.74516764927436
2.19230124850041
0.245742293458228
-2.25028008958319
1.67942494538359
0.487393286410180
0.637681425520697
-9.416161133184515E-002
-0.470707381253954
-0.887225895543347
1.52587813208486
-1.85899521965013
2.57284546855688
0.175023659104376
-0.299991739208838
0.812531490471199
-0.111526048600829
-3.29740640509131
-2.10880428546535
-4.00530858038096
-1.06400936563658
1.86255386197937
2.71993901569963
0.265257432324580
-0.534243746674560
1.48823678463461
0.285753663863815
-1.69499217759748
0.183407151525980
0.137888415971154
-0.773459301725461
-0.989356637584201
0.102595588575724
1.58964295122020
1.22815674669428
0.863657756797922
0.985012208369055
-1.50959911360562
-0.593238420265240
-0.968273582442272
0.774694616516819
-0.975931744645145
1.73940589951656
-8.327889187168223E-002
1.20149234340051
-1.47191088891863
1.32634586432109
-0.847440193785813
0.852239959964150
-2.59891441012380
-1.40229126084203
1.05344002721754
-1.31561485276614
0.166169630890338
-1.74945492012597
0.379192713530702
1.20152166050403
1.19905729226008
0.455511594515266
0.893931398313625
0.612345564240600
0.248200606354169
-0.201160698223112
-3.87810426791551
-2.53096977068740
1.03029561973010
-1.04294910601514
1.03606453341473
1.48498404790501
1.79732903396518
0.787759918059217
-3.887133043781602E-002
0.818478096633787
-1.23215918018345
0.568161295727394
-3.905120258369013E-002
1.42908831591974
0.106235330810613
-2.08152836449347
-1.47636636061130
-1.06214619110133
1.00062412425040
1.90494068756109
2.56659222954226
-3.917408345979993E-002
0.816793971568143
1.19724150226854
0.869784699843812
0.388286424938890
0.182766173978816
-0.126936087478741
-0.809578643854472
-0.531001977804245
-1.54913005639305
-1.82710496110828
-0.477480846931842
-1.23221472875297
-1.65296962062176
0.476917533346757
2.41944632154040
-1.67727296488833
-1.02237547849458
0.506505162968152
-1.37626961210679
-1.64899743537252
-0.475759795670670
-2.83389970219579
-1.64564628768340
-1.54307656792502
-2.60720850009200
-1.11927878320491
1.32203143883054
7.611126572847735E-002
-2.66829006719834
-2.28589443347447
-2.31964500533988
6.742408734529295E-002
-1.01655429607251
0.929283453810297
-0.961590044813735
-1.51477605653862
0.168184750410412
-0.496583021032683
0.903061333521680
-0.673161776421967
1.16352738236817
-1.73375312351696
0.393077275417373
0.290748151467615
-0.118847135144341
-0.645924835539643
-0.646165100909933
-0.793377972717468
-3.219141591321591E-002
-0.548193592594902
1.35619687950702
0.127680850515320
-0.450681531059395
2.24666072994082
-1.23564453947659
-1.40503287034223
0.520859490578676
1.27561095373678
2.00284501919311
-1.21305487789199
2.15593479635257
0.434231489474323
-2.17088515297982
2.52820415207877
0.291887629702532
-0.905780849109462
-1.55234146437250
0.887188372592793
0.516268756905015
0.966544358260746
-0.214248496679725
1.69796357820603
2.27661959120332
4.04684266552902
0.322434347133077
-2.84320410566093
-0.703308115034022
-0.953250072124600
0.323859866876765
1.24392650552049
4.570971955093184E-002
3.74268496097361
0.732600339785089
-0.836008447355629
1.00659637595128
-2.15971425575022
-1.22802713688240
1.10454359656975
2.37367721951932
0.929137089533875
-1.41919146388652
-2.52680867861044
0.613029336923160
1.33654331226939
1.20549427430067
-1.53229267385200
0.527961796834515
1.08517338377928
-0.355630626181455
0.769618166259902
1.59415093747429
-0.295469058372254
0.149711981174208
-0.745246161790928
-1.36568229858726
2.730512099812583E-002
0.116898474359612
-1.57545435584004
0.191743853925460
-2.22909851380599
1.59619378309341
-2.90595516794540
0.651893219408731
0.725188779140214
-0.289917475639787
1.35431575280551
1.62593915605836
1.09708717047390
0.853776910098457
0.144648263097626
1.33957294067084
-0.443549971085449
-0.612866910862962
0.522210983229976
-0.831395722864679
1.08458749372233
0.902126405424608
1.34475918503229
-0.299583730782969
-1.28124003009120
0.370070752047874
-8.442021558872112E-002
1.64020855866370
0.788952584611613
1.38818986337966
-0.945959295262964
-1.92558411035966
-2.34407047859380
0.137036692847575
1.00386598011693
-0.930532957890840
-1.16188371888951
-2.40086018234923
0.538983849124187
-1.26204774996814
-0.503583522817614
-6.333023796634647E-002
-2.73025612413222
-1.35196943544045
-3.35835744171863
1.50692509698587
-0.457124875775123
1.78193975894366
0.236859034499915
1.82883040401932
1.79582200122259
0.587985935653075
-1.01093835522363
1.85366252231610
-1.42962371658488
-1.20241950261248
1.23001356989460
3.38190364370851
1.10042751802170
-1.46687271698244
0.782810887777994
-0.904682878785405
-0.650689337967109
-2.09510377439533
-1.83595446817064
-0.307263814325240
-1.61014530941469
2.67052146838964
0.749924829301867
0.411676264500828
0.849974582128226
2.56019426387228
2.29681075317911
0.257988786131942
2.10610767576123
-0.557174579973814
-1.44758735162183
1.96281216563110
-1.47818303083412
-3.63598096331840
-3.360580568158101E-002
-1.63311810192912
-0.982563966624070
2.377552393483171E-002
-0.417277305744522
-0.618719307344811
1.46026821263062
1.75511983412827
3.02454313283808
0.722898611145480
1.07617182304169
-0.404103655446090
-0.916795841225689
1.87438762430534
1.20136332476488
1.33655542875198
-0.719610620449690
-1.05803703767826
-0.564603727521797
0.717578050457284
1.14276839050342
-0.109226651817514
1.38476369556773
0.743053402894724
1.63741044729953
1.02987146776096
0.796270417906820
-0.574802654253150
-1.48522969867426
-2.00900074547685
1.48234016995460
-1.42078946385414
-0.246055264390131
-0.239737928980088
-0.267307199873650
0.494383437110269
2.35246507254954
1.25795686960721
1.87935460401601
0.600198175322378
-1.98453182804938
2.26773904498306
0.763550053781578
-1.00541748129271
-0.933820885486973
0.354571839191326
1.43446585962565
0.901216232504011
-0.837478231844859
1.38799528040818
-0.823295936185435
-0.749206283129004
1.69823644705043
0.741346627223601
-0.659849185302947
-0.166327355799631
-0.513097251042579
1.35048005134461
-1.85122153104113
0.460209328974503
1.28394241288182
1.47860923861494
0.364957931733387
3.15114532344036
0.495814073947787
0.243270987726158
2.43365381166674
-2.80476105805525
0.361983798765745
-1.25662879237648
-0.308530079628592
-1.77267483290874
4.468047016438503E-002
0.640972374854581
-0.253713226699719
-3.098263476244338E-002
0.989871261581169
-3.57263715350731
-1.28967556132665
2.70019496033896
-1.64911083923930
0.723578774921464
1.11349164933801
-0.824081869694119
0.637669293959947
1.00881050653225
0.692818539374304
3.763361180574729E-003
0.651094082469646
-0.405299030082329
-1.08764979434078
0.719980608850225
0.271306670274936
-0.567332607810195
0.628285046117603
1.03779185491754
1.54856079890670
-0.161989659831151
-0.878729864444797
0.573366017566256
2.11404454133723
1.20154524635950
0.659561307993440
0.550156579898693
1.99299921435124
0.262596101675299
0.745116637510851
-0.399826581340212
0.299529959516840
1.52503790804653
1.13627872233165
0.258206604003135
-4.597122517312208E-002
1.02466152735713
-0.843887231473801
-2.63531207180890
0.547348600510161
-0.444631764685767
0.500115277195113
-0.291774544662193
-1.31864690900153
0.402987266361811
-9.947143189863231E-002
0.490782126773804
-0.766223965918310
2.81873125412829
-0.749248788845095
-2.58007989340563
0.285695679297370
-0.855468511262365
0.174378222393944
0.648900043991957
-0.747221907758916
-0.352463376741968
-2.079588593649324E-002
2.19702069993864
-0.756223905625011
-0.740597650281354
2.03429892194699
-0.863952277917257
0.404083286370464
-2.88967985313106
-6.957531624689040E-002
-0.482815675585375
-0.253670862327877
2.37539481747803
2.95639443749563
1.72881553428118
-1.13635303269062
-1.28410302452304
-1.43100574933341
1.02474550979327
3.13743775957957
-0.810455203182423
1.77440698186906
0.964809137089211
0.859656273389615
0.182658234104352
-8.414022731421936E-002
-2.80992079799040
-1.33951772524820
0.576234510777694
0.428867822768811
-0.302072437311624
2.45107760900282
-0.149035109185529
1.20272356152038
-1.16560848288707
0.740483762379796
-0.554082764028312
1.43504649070604
2.07363361359080
1.49470317919548
0.926505454978124
0.604888361569813
-0.823955310410513
2.34343263266422
9.885099745851594E-002
-1.96364342465824
1.01040077218010
-0.641560345002278
-1.31111743766711
-0.992519002618439
0.770309725008274
-0.586554990282881
-1.12583669834827
-0.451921593991405
0.485565420674882
-1.93534733873568
-1.45457056064894
-1.27274816749689
0.886427076553123
0.118639169426875
-1.25184714275711
0.151252768965948
0.464968467815750
2.63428176108173
0.963153028866081
-0.977224086919476
1.09096036981823
-2.76476511620967
1.31608118984737
-0.882626673571040
0.496106133651385
-1.11124040444088
0.620028821211822
2.29926077419094
0.435051116934951
-0.547868114160251
1.65235817692613
-2.03054767778451
-0.258303132167272
2.12034460780263
-1.56242266911724
2.33519284842369
0.280382859722958
-1.38556857408487
0.461353758737132
0.345802739416521
-1.41623847785046
-0.526656213510147
2.20991050349575
1.29264079958680
-1.28648305393337
-0.738828154165029
-5.167516865699674E-002
-0.462283207575574
-1.27573059157393
1.00802572151519
-3.04969160093420
1.23398073243303
0.811723363893679
-0.476162957481916
0.803497617965405
-0.414711230549069
0.625151104328001
-1.83255391502689
-0.889816453807560
0.811503117934728
1.08858247298154
1.16350508328086
-1.11576038386054
-0.368204562193852
-0.416753034199264
1.05181088673657
1.00042116809531
-1.68797018175434
-0.702518452324954
-0.799469731124761
-0.828148175029647
-1.35099984172216
-0.536051998658244
1.59749622441215
0.441221679260175
-2.43853950337076
0.723749890570178
-0.949749507016970
-1.25585874623028
-1.68934729776928
0.127045199593167
-1.63486483599456
0.490415994641439
1.02946285232548
-1.46876859186385
-0.614179109330523
0.319793966436096
0.533690299350488
-0.797676028594866
-1.34700640369847
-0.640708283729139
0.756879528219273
0.806623780671904
1.58659733850200
2.39112521686188
-1.67354752011470
-0.362374862723427
1.49291691647173
0.140197052104627
0.900060810512099
0.593644213120298
2.35186346368829
1.54874068549705
1.02529806223868
-1.69166823208726
-0.936208338053606
-2.45051979571023
1.63591456508239
-1.33901200706706
-1.24617343771573
-1.32230056429431
-1.14091170557049
1.24200056118328
-1.17311772004766
1.36078180080538
2.47918615784825
0.519455387365958
-0.729758875311068
0.232740208941880
0.996614032957951
3.574869354599697E-002
-0.353987665225004
0.318298443499163
0.511804062354312
0.379152390975348
-0.467486527662819
0.697975550052779
-0.154418993756541
3.52973372484320
-1.18893578219200
0.326024692837722
-0.314136401333668
-0.941848907422810
-0.529345748759332
1.14370862627608
-0.897504821884025
2.00967582216124
0.714478776359693
