  0.918771699988345       -1.81516253273231     
   1.46958451077926        1.00707231434183     
  -1.01208099069069        1.68421664559034     
 -0.749289882482001       0.134952269419867     
  0.936197062248953        1.84080807829319     
 -0.896038126549228        2.66153199350018     
   1.67265003198923      -0.813974489587050     
 -0.879945761303358        1.64793713424727     
   2.86634221661988       0.985738036193124     
 -0.139039971595632      -0.328511465720087     
   2.66186745223143        1.00691899864128     
  -1.25001073737680       0.743465899728721     
   1.31396055654071      -0.567546309228787     
 -0.899935621969314        1.78795105783927     
  0.667377752628296        1.26824810120774     
  -1.88525937339764       8.859541394607294E-002
 -0.682122331962816       0.397829454944692     
 -0.207044555325417       -4.17785043390052     
  -2.48887661298822       -1.58676718245353     
  0.135834700740703        2.00283805646554     
  0.550043129331712      -0.218144216507783     
  0.413033059072087        1.27553017418816     
  -1.07909171199843       -2.19079439620023     
  0.263368550162187       0.514264665611831     
  0.830003200626451        1.15702838756635     
  -1.81977252769655       0.926682153523052     
 -0.285325781978781        1.36120467071393     
  -1.18181443203015      -0.414725837309070     
  -1.49633398937542        1.56098675897350     
 -0.471203817806858       0.426787192299990     
 -0.983030479306034      -0.160651252233010     
  -1.08623300164784      -0.868921132830829     
  -1.28967508027246        2.25317230362149     
   2.40102116726337        1.68658925266623     
 -0.993027428754423       0.148329829425512     
  0.480187351404916       0.431415287539759     
   1.80501242209034      -0.289091326929621     
   1.85558950285039       0.962070429005991     
   2.29445311910074       -1.66327331182196     
 -5.872977857783826E-002 -0.153556811435684     
   2.29127620639047        1.54006169120065     
 -0.395164158802269       7.919498892742827E-002
  -1.18212262640288       0.767623605047011     
  0.109160926793046       -1.98508502161391     
   2.26208163034707      -5.619572770460519E-002
  -1.20140723462594       -1.32286815091274     
   1.71217133557505      -0.248528942272688     
   2.04541461642414       0.111197124211591     
  -1.84494849524397       0.705551952633718     
  0.678906548410070       -1.87050064370306     
  -1.47228563459469       0.525370798734192     
   1.08132403583404       -1.07836773709371     
  0.615085470740444       0.333219075551301     
   2.27956121324584        1.82171549321212     
   1.35597892703450        2.24976762972054     
   1.40252480583701      -0.393231627707911     
   2.04361167962482       -1.02493637930698     
   2.03732932900320       -1.41603782769148     
  0.826904011207730       0.147376684078180     
  -1.47223963775292      -0.377570759163957     
   3.45259028985830      -6.625019576159943E-002
  0.218734954505179      -0.964272696116186     
   1.59369762608418       -1.30084921169766     
  -1.99709752575204       0.938955297044831     
 -0.227287316289974       -1.39473053653415     
 -0.869467644249860       -1.42164520461961     
   1.76465008074411        2.17553699978282     
  -2.17638258392237       0.443284320125483     
  -1.00366319654775       -1.60716367027663     
  0.443335962986341        1.11675121042402     
   2.03033161383477      -0.771217313134530     
   2.29425738977944        1.26167076727508     
 -0.316791182153935      -0.462342931997823     
   2.66708259096958       3.627436656720408E-002
  -1.60958224787439        1.25436647084456     
  0.750504320490986      -0.655992388212251     
   1.51852495123014       0.155998193753214     
   2.31510290276782        2.01396585849938     
   1.49253521987642       -2.21744477802919     
  -1.58010066331444        1.44076746087577     
  0.858488854111366       5.688541796973542E-002
  0.588632706616313       -1.82774062242330     
  -2.06757447019072       -1.01591333317625     
  -2.36371493139815        1.38993942317439     
 -0.971586044944163      -0.546839729197652     
  0.998000987185367       0.175161100006855     
  9.935990457068761E-002  -1.91529746720937     
  -1.14468205978830       0.519660059145753     
  -1.33364635733296       -1.61722180342366     
   1.97081359543163       -1.49431411852171     
   2.18460976283887        1.70846264229730     
  0.649682634978533       -2.13405383722952     
   1.91746325118686      -0.476926668847982     
  -2.57998858305825       0.259961491720992     
  0.364516214465768       0.902971784329432     
 -0.651985672055193        1.43779239215845     
   1.58037655961483       0.510453553587596     
   1.40724437249765       -2.23304120887843     
   1.13928720431041       0.431515872257255     
   2.14089064467851       -1.47258393721959     
   1.86921654495480      -0.164544223891419     
 -0.368474664850371       0.949692865090017     
  0.684817922831153      -4.252208612774127E-002
  0.543772012443650       0.228274466065066     
 -0.924669482671076        1.73274174558887     
  -1.42133762619621       -1.84075521743442     
 -0.545981066148027       0.549526898383458     
  -2.13032323482531       0.547547346452702     
  0.830728753402626       -1.71249802133154     
 -0.759415696922949       0.506876417602264     
 -0.357346256657902       -1.10470526113232     
 -0.659310799867961      -0.771698056549255     
   1.52959781385276       8.115438363793798E-002
   1.47048965230343       -1.41010336670123     
 -0.253195913753029      -0.298084265636861     
  -2.21273386762912       0.126895630245642     
  -1.29861639129112       -1.03551978686184     
  0.414227256806043      -0.802157339350064     
   1.26321609044321      -0.414477695345414     
 -0.843463781060717       0.156418852574454     
   2.25958481184513        1.44840266548851     
  -1.68468842377970       -1.30647111397996     
 -0.295537369544205        1.83536419178117     
   1.39778197585164        2.03652978168162     
  -1.31572297318932       -1.99250115115354     
 -0.195311096786929       -1.02330897180807     
 -0.138012043697964       0.661719816178689     
   1.82072416473260        1.81138164291196     
  0.955704872033381       -1.04193523494989     
 -0.192311787314917       0.232530104950457     
   1.60651572963538        1.08939565056481     
  0.419607088682648       0.669351987701398     
  -1.12106525257207       1.066860449306838E-002
   1.27633452714970       0.734700634082267     
  0.354651943144777        2.99942971242488     
   2.24079722761591       -2.15294721555673     
   1.12171094811450      -0.845388632491139     
 -0.431319188147212       0.784514433505561     
   1.52865685309962       0.425628765220272     
   1.93281136691800       -1.01284160345178     
  -1.80235993476883      -0.708748348738550     
   2.15108532443522      -0.504857733787640     
   3.18297387249213        1.30376931993536     
   2.29421775931254       -1.36955054017026     
 -3.832301371034279E-002   1.52554069160678     
   2.22995069896755      -0.187609660070445     
 -0.544387657288053       -1.19338906996040     
   1.89430315521345       -2.18276711736028     
   1.64880713177462      -0.915219246941300     
 -0.435312945876512      -4.170485427150088E-002
   2.27570328480447        2.08580567997034     
   1.79039960841044      -0.186017987199885     
   1.44565015329423       -2.68516449242217     
   1.18788083898672        2.40904280790139     
  -1.31099796505211       -1.44243578174633     
  -1.33676713149182       0.671376976741683     
   1.36184152188283       -1.86404628456495     
   1.74310832769669        1.07203185788704     
   1.40121616366665       -1.26055607502979     
   1.89461601025282       -2.07045786475452     
   1.29686153711534       -2.27006576877195     
 -0.197192736143260       -2.02318367680830     
   1.86439695276480       -1.02404822707045     
  -2.54352301801559       -1.71025364141161     
   1.76488404192358        1.25386452689484     
 -0.701682135054387       0.581148336619597     
  -2.77979140737341       0.460531562921211     
  -1.82802748898299       0.729317319747134     
  -1.70934193519921       -2.31420374750290     
   1.48655573322791        1.03782303946513     
 -0.159589089229524       6.703913119843635E-002
   1.84717528922714       0.889308475047850     
  0.127250355496710       -2.42416958044954     
  -3.04554724797488       0.232913337250976     
  -2.11036930461744      -0.123508798616655     
   2.26737883519600      -0.537747078082785     
  -1.04127402152972        3.39161805440403     
   1.87688681936905       0.236435029572960     
 -5.875384501400811E-003 -0.534357120603736     
  -1.80311008152968        1.36432366004259     
   1.05996461835737       -1.08157554848229     
   2.17794053428654      -0.487487833503181     
   1.55122618254877       -1.25693397016113     
   2.15021362981847      -3.376086938231270E-003
   1.11518141770563       0.611642825521784     
  -2.28036175121739       -1.79856070121634     
   2.11482961316499       -1.49892974149485     
   1.70976598946430       -1.38580328109739     
  0.430931484581209        1.61707059018152     
  0.254450228000958       0.881856896777909     
 -5.054837485206970E-002  0.517420652874659     
   1.85061257873608        2.02877111677837     
  0.221743287003557       0.238146403208592     
   1.70383134618839      -8.763048433270314E-002
  0.914121324387306       0.219743261531845     
   1.42534403100378       0.770222411535347     
 -0.109430499057499        1.42991366545717     
   1.49578385747609       -1.35175951647993     
   1.35661816424324       -2.20595417588635     
  0.254750221942695      -0.790878708848264     
 -0.654250865683245       -1.54049046413638     
 -0.866200295458684      -0.461639111101291     
  -1.60404878561480      -0.284653453412988     
  -1.99204628363240       -1.32360803292292     
   1.11495831110340      -0.909450262079724     
  0.942445728928310      -0.529290376034864     
 -0.302312753875801      -0.819564131674222     
   1.56852595554702        1.20772788719813     
  0.779710105444735        1.77030965888056     
   1.64945378082836        2.29750296173121     
  0.733027516544149        1.63352047230097     
   1.93386380150588        1.61420563035982     
  0.984746936112447        2.22253550840976     
  -2.09743091252467        1.33412861753810     
   2.24004875271884      -0.734785886076110     
   1.53550886579672       -2.16120306683873     
 -2.870113463285841E-002   2.21921690409387     
  0.641676004698002        1.79526598718836     
   1.65970806167250       0.549994317086978     
  -2.19894130644529       -1.07971657813700     
  0.643173050845884        3.98776785804092     
   1.94818159918688       -1.25500993779193     
  -2.18893733169920      -0.389078678833784     
   2.33637412912314       0.308801367852138     
  0.237907832004324       0.380671992001038     
   1.26736172373336        1.63218495394159     
  0.628625994615929       0.303017920730169     
 -0.993182517049960        2.36099501607537     
   1.77850686885635        1.35996609896374     
  -1.20152103421591        1.95649269941884     
  -1.64866437908377       0.323638914137482     
 -0.249545949227982      -0.265253536596249     
   1.97829958074325       0.406541805048000     
  -2.35342635751695       -1.78471970764570     
 -3.936105463200538E-002  0.448118580969222     
  -1.28257646740723        2.06355373817823     
   1.58512742116216       -1.90233219375475     
  -1.59592372542976        1.56909195598213     
   1.93998905746386      -0.953164779430693     
  0.862564316217656       -2.11665487235868     
   2.21904922183685       -2.09174757767098     
  -1.47570612192785        1.65626714688661     
   1.92976164507640      -0.286087584718902     
   1.56567885398207      -0.927414209094394     
  -1.08893155872318      -0.797175800420864     
  -1.72702582664209       0.697046197121143     
  -1.66258154741712        1.63882828103154     
   1.75690991591390       0.288304356605083     
 -0.256429924913407       -2.32665835311480     
   2.30400215181312       2.045117842067122E-002
   1.89855519546624        2.33284198308514     
 -0.345899027180179      -0.251082781194523     
   1.85114825212335        1.02120812165437     
   1.28108208503212       -1.23474337237267     
 -0.822394581353820       0.898912883177479     
  0.603815275270166       -1.79973522132377     
  0.752566453709816       0.129427418230508     
 -0.373464906350173        1.53514602645432     
   2.01800189728469        2.19820807025365     
  0.177619305263480        1.07597915643175     
   2.22001147335409       0.159763732176690     
 -0.607181352287878        1.03532946742628     
  0.323260710364493        1.06999824383133     
 -0.894084475261645       -1.80393241081861     
   1.37234294764632      -8.624006703468666E-002
   1.56745084570221       -2.04093691647473     
   1.71042273192368      -0.969318619845562     
  0.743533923310676       -1.43395634465749     
 -0.572104606848763      -0.270181773646179     
   1.33288665392662        1.16147802885593     
   2.15828233027343      -0.732012363681804     
   2.81225045346742      -0.139548882277104     
  0.730612456429576       0.774757280507332     
   2.44949038245902       -1.31168754215853     
  0.430403249506928      -0.610790586595253     
  0.328860275993479       3.632132477557043E-002
  0.331612368479671        2.24881879328975     
   1.27433533921897        1.63640833933425     
 -0.920941543398079        2.55875277122403     
  0.409558904920538        2.24199007310218     
  0.190029809594522       -1.36595649055542     
   1.03601960286701        2.18891149416503     
  0.506988352101487       0.292546528073149     
  0.674222844293161        1.32747810113978     
  0.274663798540379        2.01759107968212     
   2.70964445732473      -4.656883817295300E-002
   1.47461771108530       -1.13361848024229     
  0.174383222491230        1.04068215655523     
  0.332433965394030      -7.532292057856246E-002
   1.87592194428697        1.30363778776830     
  -1.92045238968853       0.219717451509051     
   1.04801922541736       -1.98545989503865     
   1.94094063629888       -1.31645669460171     
  5.276871326149067E-002  0.419280224280393     
   1.13908507721890       -1.43808895773460     
  -1.08969456118827      -0.606461637060853     
   1.24469714338111        1.39679020492251     
   1.63259180761120       -1.97787779041869     
   1.53379574476189      -0.492125434028888     
  0.453435610753161       0.654371366672672     
   1.97346624658419       0.633892949652237     
 -0.684215979657057        2.95577093727046     
  0.683763855552700      -0.408492073840210     
   2.22682538693094       -1.90764163590094     
   1.32917942845404        1.58797345233968     
  0.633726796924263      -1.323254425628174E-003
   1.03797054648063       -1.75757223212214     
  -2.63805351626127       0.994302215209082     
  0.779783586074967        1.74582131740384     
   1.14147055947846       0.278917875001038     
   2.27055965871170        1.27677508266923     
 -0.586338816910552        1.81315704575192     
   1.98622678660418        2.28979877014105     
 -0.272612605983954        1.14372107772863     
  -1.48843752402060        1.00948173944043     
 -0.102080393902247       -2.30109797149369     
 -0.906776956679946       0.220248583615503     
  0.917141374048441       0.460538946751258     
  0.121562816049282       0.718271364399647     
  7.330996617035283E-002  0.412726099096679     
  -1.26201015080218       0.247113598276299     
   1.54103273834308        1.53132354590975     
   1.41080484048265        2.22852806630217     
 -0.101234700961296       0.196028703617381     
   1.67192167027780      -0.756577355203924     
  3.559864708297669E-002  0.123461474587548     
 -0.982725219909518        1.57216648697998     
 -0.543360181963894      -0.748500865126005     
 -0.850254771922813       0.738857234531471     
   1.59550306608870        1.06520667086335     
   1.13193653864451        2.11053235064579     
 -7.033677131757002E-003   1.21649899957480     
  0.980043887921859        1.61111189568466     
  0.495710905744254       -1.34506355522519     
  0.863749989552221      -0.481961000615640     
  -1.06890202123307        1.83002918854580     
   1.38445706121480      -0.605946112201091     
   2.05339608413885      -0.297531741616472     
  0.139225082024811       -1.72778476350899     
  0.810987031565251       -1.80548182063345     
   2.00921411419923       -1.30370855473606     
   1.74896033656231        1.63420211047643     
 -0.689762324031096       -2.18617379039834     
 -0.156523261075603       5.954779961885594E-002
   1.27543329341399        2.39805571777153     
 -0.450491005729362        1.02406316625230     
  0.860439969131375       -1.42464161119096     
  4.637470205074866E-002  0.296025181371102     
  0.455256369407568      -0.506669582155183     
  0.189222625396844        1.10962473146715     
  -2.21934521338517       0.338167471759092     
  0.818072116829541       -1.13544100042532     
 -0.570168940714825       0.273141345422245     
 -0.546357132342931        1.23629824377647     
  -1.89006429624172      -0.760389213350042     
  0.978712186680409       -1.80643656402609     
   2.13552700557039      -9.729524098197405E-002
   2.03252850235365      -9.634982178532684E-003
   1.27132087898952       -2.25251601170686     
 -0.509322551855224       0.615667669606643     
 -0.844102260802018        1.75273618163658     
 -6.386696077169507E-002  0.898300624216938     
   1.60706343632636       -2.06081207304473     
 -0.469801553949323       0.583030443641579     
 -0.690404313723765       0.360361990256881     
 -0.872514567932664       0.426764560011670     
  0.981683557390954       0.626643959376432     
  -1.95898059360822       -2.63128362960573     
  0.448027599136802      -0.278012035971538     
   1.76740267317142       -1.25112280333140     
   1.36850682519489        2.33645965664310     
   2.94857526570300      -0.706002704833105     
   1.28691402869374      -0.951737596193221     
  0.482745644688253       -1.03542878290360     
   1.65107195667831       0.810404011762426     
  0.409004126054971       -2.20458206120038     
 -0.306154136968816        1.53318552315597     
 -9.319627396733357E-002   1.93602556418714     
   2.23998182141376       0.969983007026063     
 -0.229542429566451       7.843089654400820E-002
 -0.962466775358367       0.486330406415180     
 -0.557567368800337        1.22141415791798     
  0.308094105483684      -0.974434130293167     
  0.864848912804730       0.693262578925052     
   2.09397024189104        2.35274689552525     
 -0.877082702474533      -0.984039703355177     
 -5.757537755925216E-002  -1.59566324324780     
   2.23970785368556       -1.63517698965936     
  -1.37831526605189       0.143797425977689     
  9.059836888633137E-002  0.137882224105389     
  4.198271346349530E-002  0.407011633061692     
  3.347563030758333E-002   1.74517860590932     
  -1.03824967064647       -2.05550141482557     
 -0.271650036626875      -0.869927721372372     
   1.37328324003850       -1.52367125276452     
 -0.792192510584952        2.44502690011029     
  0.757247600496172      -6.603687252908010E-002
  4.421837497244654E-002  0.854541429696251     
  0.484897118734611       -2.13786526914925     
 -0.474964204828108       -2.31180002389079     
   1.78477715753512       -1.06403056594612     
  0.309400975843431        1.43590705856944     
   4.01763833723733      -0.479793032531427     
   1.56420707464640       0.128064844499530     
 -0.242275488568485       -1.83278093953225     
 -0.785125948859272        1.43044407820285     
  -1.14188146567647       0.810699762908329     
   1.95537473935558      -0.580013776102319     
   1.96114384032835        1.48124573370318     
  -1.83255893897137      -0.512313952335341     
  -1.43411157979712        2.17056138774667     
 -0.639855835607829        1.48708087068233     
   1.19882963650442        1.88872931108615     
 -0.695944136390122      -0.489762444357302     
   1.22464862670918        1.25118376609629     
 -0.800033597402142        1.78341021441585     
  0.811421881243388      -0.274191855335951     
   1.36979097837256        3.07649593483711     
 -0.808621084422217       -1.28493501189149     
   1.21555842270753       -1.12768671500576     
   1.17522010006036       -2.95000289845870     
   1.97033989769294       2.360974518587122E-002
  0.231172242534676      -0.885463303819998     
 -0.150624475475680       -1.72196890121250     
  0.908483173213380       -1.67737199230662     
 -0.253884091373243        2.30993181074820     
 -0.134245722365031      -0.592500295139180     
   2.38048891851205        1.35269943687128     
  -1.27733073125362       0.730563598401784     
 -0.506201453189993        1.39440053338211     
  1.151408545550031E-002   1.30098196096960     
  -1.90120625028290       -1.69209991033272     
 -0.633899134119438      -0.739404342048881     
   2.15306839939908       -1.93750301930468     
  -1.53410438673891        2.08296698353491     
  -2.01294248679546       -1.69311076669412     
  -1.14453356994069        2.05079030457775     
  0.231571368943331      -0.536820358416139     
   2.22051141896791       0.748956335474251     
 -4.572891489549143E-002  0.856398375373272     
 -0.877202300999133      -3.284482965582941E-002
  0.717581928286885      -0.280673544533394     
  -1.61868733450422        1.46111106265743     
   1.09411783800372       -1.57900151595269     
  -1.80523702445100       -1.14440159293727     
   1.37126151694709       0.730209857720023     
   2.63219449652846       -2.10892937734754     
 -0.970627516773230       -1.13708093950186     
 -0.927325500381594        1.77422171608100     
  -1.70013344408013        1.00586529268148     
   2.26599298267558        1.89427382238940     
   1.86811152872289      -0.884858881774160     
   1.76776927157415       -2.25668857977927     
   1.45705990561867       -1.69019717474793     
  0.350961276227900       -2.18920711101875     
   1.23007640626727      -0.828867655142679     
   1.38290491296775       -1.06653266184051     
  -1.15818623876280        1.79668897272209     
  -1.18475650758844        1.55080683260341     
 -0.204612383797853       -1.83574119974518     
  -2.68897377031236       -1.03696630658623     
   1.78476308992707        1.37289032616833     
  0.585647019000801        1.40592299367091     
  0.144216480912753      -0.635453251296723     
  0.351596170986712       0.117805354040862     
  -1.44552911137619       -1.98031466361558     
  0.569600839327551       -1.51688223039977     
   1.57070573932172       -1.11396145338329     
 -0.861195756296753      -0.787259831076946     
  -1.37637691104549      -3.191834644781632E-002
  -1.97600051568625       0.738461891839686     
  -1.43517088103621       0.554093268334351     
  0.829279298013912        1.57877042829424     
   2.15744314308874       -1.38466643753347     
   1.39808220850400        1.07284339517555     
  0.460413171719977       -2.23818089624597     
  0.183985643586689        1.97818430584908     
 -0.656382051078000       -1.68348326117346     
 -0.515415390364354        1.23366454147069     
 -0.557826771228944       -2.23931467855056     
 -0.350514690833058       -2.18707295475226     
  0.648507283346474       0.548366060687902     
  -2.06510535670178       -1.30718178596987     
  -1.64781222583362       -2.34113393789583     
 -0.542077306052179       0.852012567671569     
  0.117785992919047       0.817559749886840     
 -0.753592451609999       4.836891014464342E-002
   1.51083950517961       -2.32944528096780     
   1.16115817083065       -2.15362631574286     
  -1.24443099179505      -0.564526443899635     
   1.67038572057309       -1.55324980687129     
   2.20563475362806        2.07420403592906     
  0.745011032883606       0.428225930964362     
   1.28757777933661       0.732256615667102     
  0.849715174515800       0.824696587408825     
 -0.930641030967512      -0.211310280279917     
   2.13867207268005      -0.397469011932381     
   1.90149089862919       0.929905968858875     
  -1.89154478807899        1.10914231757198     
  0.806843992564107       -1.05089688652671     
  0.752152619574191       -1.16482402963544     
  0.812198165927696       0.249771650038138     
   1.05001782332749       0.585410224128095     
  -1.95411268596281      -0.562908334953899     
 -0.827894766797320       -2.47707250395282     
   1.15434883103935       -2.37173122335336     
   1.46838745492326      -0.469452177502623     
 -0.427430275275976      -8.226306851327146E-002
 -1.085659021992749E-002 -0.476945105066165     
   1.12666476773654       -1.54618070263369     
   2.55858795685758       -1.51960436972834     
   1.32987179059150       -2.06277209441786     
  0.606314579977919      -0.286045931967693     
  -1.84112403554060       0.443321514541653     
  -1.45844202803616        1.57495337792056     
   1.49077093205678       0.325406625674533     
 -0.510458931413576       0.978329246860561     
   1.02475288047178       -2.04350978457702     
  -2.79077653989170        1.19714709313029     
 -0.929529522292177       -2.02941998706594     
   1.15348009102952      -0.425054832303126     
  -2.62655727586968       0.949548763006131     
  0.210880344513863        1.74901441058010     
   1.48577525489969       0.323422762654054     
   1.12837517887268       0.196685723071160     
  0.825305538622152      -0.909964133981039     
  -1.11929288548874        1.58066909653406     
  -1.68253755197766       0.123481244697760     
   1.39185906317592       0.649437555954956     
 -0.505225923957522       -1.55484919504925     
  0.446339473663835        2.12283476635768     
   1.59334003259318       4.403192552069283E-002
   1.77134153577289      -0.692420813372020     
  0.996743076260077       0.517685814281995     
  0.971549037214476        2.05403392475042     
  -1.90358340771034      -0.740333616056217     
   2.37759904391609        1.51052770157764     
   1.23235452851449       -1.04675736553071     
   1.46461138919744        2.99611113012652     
   1.06938360071019       -1.64892595794876     
 -7.901784950861269E-002  0.392636235835907     
   2.47426472410790        1.55267732174280     
  0.421263857605631       -1.75406367694103     
   1.72991280547582       -1.00635248269730     
   1.87564300459430        2.20277155709964     
  -1.68992973760885       0.496738455182391     
   1.90620223104904       -1.69243302901497     
  0.733956233723247      -0.100537677904393     
  0.472491924588870      -0.340781756928632     
   1.75693808376705        1.28925529275331     
  -1.04775002903704        2.07713439058695     
 -0.617563670973242        2.48873580704826     
  -2.00711094983257      -0.803495733897414     
  -2.00962197612037      -0.191209069414309     
  0.433497166593037        1.12395433631589     
  -1.79239282088160        2.03487915804679     
   1.52981071765254      -0.688200438521087     
   1.52312507225724       -1.06161684174741     
 -8.621894720716428E-002   2.11099462952537     
  -1.74058533148555        2.33096656270661     
  -1.87010080729835       0.538951484985438     
 -0.167027754976544      -0.619036070280222     
  -1.96217489096016      -0.924189825555615     
  -1.44802070155371       -1.33585739641386     
 -0.456968315630099       -1.20559328806490     
  -1.87591967568756      -0.869654921974249     
 -0.122184427639672      -0.971850079431121     
 -2.728028398277650E-002  0.945102158565905     
   2.29467184546349       -1.94389726384765     
  -1.79163386331068      -0.292340584638392     
  -1.77604630195715      -0.151750009870262     
  0.456736402119331        1.42920720362921     
  -1.25021644994140       0.787369220569884     
  6.124121662762994E-002  -1.98099931461320     
  -1.22368574177107        1.15214575426969     
  -2.41202456039535      -0.256946271685060     
 -0.445859158007987        1.86946130146625     
  5.456291995877248E-002  -2.21049249561623     
  -2.13798354722394       -1.08196555358546     
 -0.896648228850489      -0.699781477860123     
  -2.18717228862973      -0.348768736060497     
 -0.705545232914313       -2.47233498542836     
  0.574178741518761        1.05741404599641     
 -0.885678939887799        1.63587819007105     
  -1.91800657869173       -1.93470145066453     
 -0.156571844730019        1.07112980648579     
  -2.27944688727089       -1.86853652854404     
  0.707175185672119       -2.02499088941851     
 -0.349802844504231       -2.14080184440895     
   2.27210568501087        2.26644719817367     
  0.225525315367485        2.08175944713356     
  -2.83591887224861       0.506662115188532     
  -1.24502878173924        2.35606214262939     
   1.83164185166560       0.940644109373824     
   1.33350645704354       0.179742313500782     
  -1.66132479854562        2.22911273166620     
  6.431080549837813E-002  -1.34074323305291     
 -0.517195741460167        1.41889561872434     
  -1.83977372199482       0.430056323462886     
 -0.176820912210435       -2.36089067823439     
  0.530380161997757       -1.16899430641913     
 -0.996024606225000       -2.26685424391773     
 -0.895908613270196      -0.970567378154508     
 -0.973471709183837       0.874883453918002     
   1.48768397637214        1.26665660729248     
   1.29497428838994        1.34372305358818     
   1.42034208361856        3.58504720851556     
  -1.63677939255427       0.363331487314261     
 -0.882146795143082        1.71507521247414     
  0.589349459001050        1.62165819168066     
  -1.92080614626017       -1.43068057997780     
  -1.81926939404205        1.13989012809130     
 -0.110020852940671      -0.289592183158864     
   1.24286924619203      -0.806409600120392     
  -1.94446638121296       0.253448308680459     
 -0.816539367910728      -0.100336978572633     
 -0.409659507701674      -1.799376145765305E-002
  -1.84033544459551       8.650697666258271E-003
   1.41033430236269       -1.27827522222900     
  -1.76998983177053       0.153929365377084     
  -1.68252913413164      -0.102625882376512     
  0.111832757238620       -1.15478195577653     
 -0.168157701360765      -0.793902066637010     
  -1.10757116488787       -2.12093424325528     
  -1.89632553799753      -0.731008326546131     
  -2.22153149189032        1.01496899622667     
  -1.42341508869043       0.252647450925171     
 -0.979746516932415       -2.37225721544858     
  0.624640504623987       7.617665257246196E-002
  -1.32507789867227       -1.00360244831205     
  -1.10837037930361       0.375652358059474     
  -1.89712121679372       -1.47016404659295     
 -0.962469832085754        1.11325359363576     
  -1.66165295891661        1.53334640547334     
  -1.58337569446033       0.513163148827457     
  0.131601879001596      -0.552680821227017     
  -1.65234089283346       -1.97865689008672     
  -1.05630159378455       -1.47212355000908     
  2.034812419049248E-003 -0.929488883628725     
  0.645999932301433      -0.432334783325828     
 -0.130904854638539       -2.39816637521208     
  -1.77386622200118       0.907828128058574     
  -1.82597222160510       -1.82375312333529     
  -1.84213324219431        2.64035792717636     
  -1.40146843739172       0.416811764225504     
  -1.22182648105143       0.176330010495258     
  -2.28671883121920        1.60580207745665     
  0.691483549821255        1.71071132786569     
  -1.52809121791114       0.918287630224333     
 -0.874994205009010       0.358431372476927     
   1.52318773199883       0.491401823817000     
  -2.20903563950471        1.52070377046080     
 -0.901023042351747      -0.260236377588377     
   1.73135271270022       0.614354882278306     
   1.58957222416683        1.43672104151582     
  -1.93520507983543       -1.96030522973342     
  0.166439770796216       0.232457344967900     
  -2.17441035104500       -1.95735801383523     
   1.49252270462815       0.317431220170260     
  0.654451875900859      -0.664103835884084     
  0.987148287551426      -0.742684541246093     
   1.85910517114315       -1.78832247280452     
 -0.781209757010725        2.17410954630688     
 -0.812297795471202       -1.36898851853530     
 -0.854193121706887       -1.39115759633616     
  -1.14131139544004      -0.189140004579545     
   1.60651810377469        1.25720263618805     
 -6.145636733498278E-002  -1.47944123651894     
  0.208411034032914       0.126896959547056     
 -0.808417166859649       -2.65900912162488     
  0.169659792397315        1.77063979792002     
  -1.21187283821730      -0.941835136519203     
   1.48048717735400        1.48714440824302     
  0.665361714659233        1.30397545745224     
  0.424549698030231       0.981836973310444     
  -1.84956331883729        1.43553726654320     
  -2.47486026309306       -2.32413945635712     
  0.836890316144721        1.87525709578912     
  0.496053456429790      -0.532536302297063     
   2.59021095100436       3.200123106087742E-002
  -1.83404155937236        1.94797204885269     
   1.21212307245109      -0.223127159328556     
   3.55172381172838        3.06297080008188     
  -2.33070429863580      -0.838827369333710     
  -1.18219917144037      -4.540250358808692E-002
 -0.454631372439936       0.106256494477304     
  0.243810170526985       0.676138820611312     
  -2.25257142477174      -0.869200732061732     
   1.95370972797431       0.951876651771325     
   2.55779708564661       -1.05205657018666     
  0.442641524125631       -2.17718606081229     
   2.36312846748818       0.619718052236909     
   1.65248477685450      -0.841992811701479     
  -1.51740514783916      -0.536709576420567     
  -1.51465063671895       -1.90161395853886     
  0.409836597814465       -2.31303341689256     
  8.823606607077140E-002  1.883997181503497E-002
  -1.68391654953101       -2.25630067175179     
  0.241415274703845        1.04268046170707     
   1.22927336179749       -1.08949554909752     
  -1.79415920322773       -2.13650906403744     
  -2.01259264182059       -1.90852092983818     
  -1.35523484089590       0.316776884599121     
  0.422130120429777        2.01318358127771     
  -2.03789745849619      -0.173641127554343     
  0.695190517682864        2.19504591978368     
   1.18103418765966      -4.670850740609648E-002
   2.25417042710563        1.21604856247643     
 -0.839366593410843       5.362686961645050E-002
  -1.66108275048090      -0.248403987591263     
  0.615366142134953      -0.166821090824883     
 -0.708884988159236       -1.46934312302269     
   1.43817409733488       0.628293552787588     
 -0.871633495260321        1.13123796258134     
  -1.90977511812969       0.296980850330391     
  -2.10832369647905        2.10636409614642     
  6.256148678316595E-002  -1.18107449155174     
  -2.13667989682426       0.369801729661877     
   1.12985739522065       -1.91602149975219     
  -1.54217456698873        2.66633572082662     
  0.490713064280711       -2.15550931240527     
  0.345205657924403       -1.18004527058189     
  0.528997780665251      -5.328125715380925E-002
  -1.51898534008010       -2.37833469550275     
  -1.83709821733388       0.790177565438876     
   1.66233151615835       -1.24023267171110     
  -1.33769305336434        1.39204713942704     
  -1.67522588179965       0.335223055080724     
 -0.691908330253058       -1.15296582961553     
   2.18133318708872        2.10501912394567     
  -1.69786059844466       -1.16084112717654     
  0.758946327100741        2.92435311803618     
 -0.592285802897606       -1.34905430613297     
 -0.649689733538201        2.19119843423626     
  -1.54023527840249       -1.18082129840345     
  -1.13482588011672       0.619436821848799     
  -2.40606273941770       0.372766526822424     
   2.82466733108399       2.432450746448880E-004
  -1.05501582523175       0.448750753127714     
   1.11872529980650      -0.946550033834449     
 -0.587014078077314       -1.13771181563878     
  0.329594245842411       -1.95696463900133     
  -1.93538601122547       -2.25658725285907     
   1.06162744226843       -1.43108553494929     
  -2.31773119616113       -2.04359217126875     
  -1.33034818533514      -0.471924932893830     
  -1.00693448326715       0.971955398563693     
 -0.546962455835192        1.02385628719337     
  0.963477247378953        2.22085612310598     
 -0.740207586827716       -1.83051436293666     
   1.25110744920309      -0.822227680536288     
 -0.196588813396466       0.361577646609189     
  -1.71343344423425        2.17709071090881     
  0.494668841156468       -1.25527911969444     
  -1.82548288828129       0.778118581386430     
 -8.075329148004622E-002   2.32402745666950     
  -1.87915867952291       4.138577100607556E-002
  -1.97607141016373       -1.76362016835909     
  -1.93766073426733        1.11556025301798     
  0.673520640652351      -0.512623351600680     
  -2.00762366421258       0.917650646698719     
 -0.942006250804380       -1.89058301692859     
   2.18957948148900        1.74167706091321     
  -2.22746285176923       0.185667347548241     
   1.19134994549641        1.24387393345834     
  -2.12565020506675       -1.92465982945499     
 -0.809424199279418      -0.457000233735195     
  -1.30563904085216       0.764297233360722     
  -1.64978230908461        1.69187565921044     
 -0.299192790308269       -2.11420393244312     
  7.088500632101256E-002  0.375528847833483     
  -1.62833472512478      -0.700089524907308     
  0.175617954317616       0.308200729150329     
 -0.398910120763734       -1.21484104332777     
  7.080239913494132E-002 -0.767712972841951     
   2.36145458025438       0.621252149846962     
 -0.831143136410539        2.07145987883121     
  0.556571727684670       -1.25211223633150     
  -1.89810105182531        2.30656447091476     
 -0.567007141985138       -1.19914569845433     
 -0.443877461027105       9.744496045071799E-002
   2.44085687895362      -0.421618108341057     
  -2.03191688819779       0.568550390298567     
   1.40327555797545       0.186459058733563     
   1.79442834390342       0.751345890818367     
 -0.407234189786404       -1.86165593112767     
  -1.52210258763354       -2.15897143025324     
 -0.207409745960802        1.96820955012797     
  0.243512047986427       0.203157571085495     
   2.56898745546223       -2.29920490226327     
   1.94788980846840       0.725458601212539     
  -1.75672713503000       -1.21668206070086     
  -1.97631708617948       -1.13355772163353     
  -2.02819575084667       0.156140622480981     
  0.367103073016390      -0.378838123209296     
   1.98884528590781       -1.08242696249388     
  -1.84676578995714       -1.58882153860030     
 -0.492376527631704       0.754562269722416     
  -1.15494644021203       0.390652798302134     
 -0.828796493912450        2.28975920047780     
 -0.332093236899232      -0.444132880065194     
  -2.12065852278760      -8.753546174202784E-002
  -1.59811420609720       -1.63584588158851     
  -2.05983216525594       -1.05297722931228     
  -2.43025605174847       0.807145929276994     
  0.839201106760067       -1.21101009369044     
   1.46640155514212       -1.77635884479214     
  -2.33803440591257      -0.206583742601533     
 -0.731961112686619        1.04982949573972     
 -0.182546487058682       -1.98852838667356     
  -2.37662517095588       -2.45893982681357     
  -2.42462735216392       -1.52620201096225     
 -0.740141738728385        2.11779327237851     
 -0.960242350445734        1.32116568929974     
  0.360710211992652       -2.46641389908300     
 -0.120523273417846        1.03061050013598     
 -1.021865810335847E-003   1.60617203387793     
   1.38761080169600        1.46343656437501     
   2.21281703928499      -0.804558306930695     
   1.07473421042122      -0.603178332535182     
  -1.64885888632689       -1.82259305052566     
  -1.17978467781243      -0.263242318139987     
  -2.30833727117930      -0.149822298138673     
  -1.88723803638026        1.75115693748217     
   1.82376094063422        1.18201113325975     
   1.33077139190440       0.524726367154018     
  -1.89911607547078        1.79585712909494     
 -0.122089719586717       -1.09075871130605     
  -2.00913551090061       -2.20362468298296     
   1.40202465725490        1.25690976748245     
  -1.76356582721962      -0.728220830572612     
  -3.78520657173119      -3.725959186893811E-002
   1.33434049550508        1.41425827799070     
  -2.08174457509259        1.52247007366182     
 -0.770748212292777      -0.148383017227136     
  -1.23900040851318       -2.28697035859074     
  -1.46191730110166      -0.230570018509196     
  0.133631437228748       -1.28959581647943     
 -0.358354618686541       0.963726604354239     
  -2.01832194005399       -1.33609507562385     
  -2.12157222146551      -0.329025576422955     
  0.648681005822786       0.582849300541958     
  0.852651185611598       0.989013965486644     
  0.562533852053426        1.62095274450699     
 -0.760430995168470      -0.512478255053508     
  -1.24431113879593      -0.753006417731465     
  -1.63348998538245        1.12773174096306     
  -1.32233843644352       -2.53479301083369     
 -0.312611317791944        1.24290873634213     
  -1.57712706114361        1.64142568075308     
   1.96622381502039       0.235265829581011     
 -3.725001259709151E-002   1.21159713902327     
  -1.54144845982110        1.32457113725689     
 -0.709016585270471        1.89411515189067     
   2.25235288016940      -0.691248900973556     
  -1.11469770605342      -0.379841802279041     
  -1.16218253604027       -1.35923978850057     
   1.57710320742425      -0.484369314314488     
  -2.01375997067068       0.149791456402280     
  -1.73857312932207      -0.298266046563380     
  -1.05820392150322        1.51110183844944     
   1.15635124932596      -0.951663466166248     
  -1.68631443374088       0.447091584826275     
  -1.92583445616287       -2.16691238360427     
  -1.99206534824300       0.228816323408595     
  0.336421323565379       -1.91566905267890     
  7.908352189154481E-003   1.69279453848931     
   1.03962537218209       -1.67219749411013     
  0.654485625922157      -0.650352537392172     
  -1.15818562164944        2.56461084676831     
   1.39774404692471       8.585086231577428E-002
 -0.134302740981298        2.03963335986973     
   1.59686824311664       0.903609507870356     
 -0.218306571065208       7.994155891618586E-002
  -1.59678566889745        1.35022678859391     
  0.628544189406885       -2.21002649106861     
  -1.85545975382189      -0.637715903882912     
  -1.30140746897588       0.645588202479044     
 -0.542407909000967       -1.06082675063030     
  5.938951214688680E-002  0.437040639000889     
  -1.81763325794054       0.757298557763978     
  0.594801702034262      -0.356228231046069     
   1.47211465683142      -0.856129283971573     
 -0.131240400698753        1.95687327286283     
  2.416290148314508E-002  0.124739734120063     
  0.302381971019295      -0.295776442928483     
   1.58500383350396       -1.49248875750915     
 -0.824729341465136      -0.904335177739083     
  -1.89587045872035      -0.341490671170411     
 -0.196831872603344        2.09374968340217     
 -0.414601189113881       -1.33816809269577     
  -2.28897434706410       -1.03121455634199     
  0.670857443728641       -1.94181605202269     
  -1.11698353139110       -2.03548579732358     
   1.92284225197801       -2.11556060371474     
 -0.432570628724796       0.574486233883536     
 -0.491251304320606        1.14997478252004     
  -1.50203488179047        2.14045791342651     
  -2.14457750932425       -1.97071510261008     
  -1.08135851384683      -0.344655487562649     
  -1.31544370180033        1.53653897393036     
  -1.27735986521769       0.381494016792921     
  5.255577477783484E-002   3.19355734869523     
  0.812786272383459       -1.31753817511742     
   1.19955569166356       -1.15004775112760     
  -1.80109768321247       -1.19019041324472     
  -2.31599260591191       0.930935942128610     
 -0.363268011290753       -1.39499414950531     
  -2.05067986046129        1.00554247823724     
 -0.786623296848370        3.24569407958257     
  -1.06858224404228       0.370938881748017     
   2.04632043005622      -0.955449820621537     
  -1.45773550990853       0.901845938581523     
  0.288964610605780      -0.457299362913935     
  -1.90481343231714       0.971678104650727     
  0.884559071204307      -0.981264672229279     
  -2.15398657666656       0.825468964623778     
   1.81464474346565      -0.544138958039413     
   2.64554159432740      -0.964011478558192     
  -1.37215787874366       -2.37594056085122     
  0.861148484769366      -0.835762938845165     
  -1.14813391160717       -1.99015112171872     
 -0.831797897121379        1.89205283175692     
  0.500741667105621        1.87254629121185     
   1.66807540312965       0.618068292235032     
  -1.04200874811930       0.738720635774691     
  -2.19661285064981       0.481145668699045     
  -1.62896258147065        2.48131226859634     
  0.555034101300760       -1.20465860725244     
  0.938205351841957      -0.628688749251318     
  -1.58269776162974       0.305512512140845     
  -2.00010343293493      -0.860529078764421     
  0.693978202707389       -1.50865195541849     
  0.852363172477804      -0.152715745636264     
  -1.16306532096096        2.16634248019449     
  -1.43657515148669       0.829790924024503     
 -0.982283161659694        3.49338557061295     
  -2.13935185910968        1.10303657282920     
  0.813460857524066       -2.20311140401827     
  -1.16436994106413        1.90664265852506     
  -1.68578039079217        1.34843489831681     
  -1.42087677732837        2.33810328285333     
 -0.707454107159138        1.97249917096172     
 -0.630132068848797       0.580625051307118     
  -1.18708019333124       0.672980598036954     
  -1.73684937870547        3.03408061702277     
  -1.92524029416971        1.89590783486720     
  -2.29704081579995        1.47700772615903     
  -2.10044462458787       0.294145463601722     
  0.998331296834596      -0.250990833776740     
 -0.439788205575518       -3.02525377520606     
  0.783657621525010       -1.30112715732598     
   2.17135185666741      -0.201383379685006     
 -0.262623677718181      -0.694187675681610     
  -2.26955742030110       -1.70938307519099     
  0.415334646976284        1.37203215460950     
 -0.469078806628800       -1.08345279565439     
 -0.404760452198708       -2.34153386595904     
  0.691665930480692        1.61107012970501     
  -1.36513879113690       0.385729713798416     
  -1.13727851930179       -2.40148447215002     
 -0.187857690795475       -3.28799809789186     
 -0.508894140511614       -1.71102974158363     
  0.118776766516275       -3.24086301613072     
   2.76043049121867      -0.805106856132490     
 -0.930747984620264      -0.591095287217512     
   3.39202434020123      -0.630078635924690     
 -0.637784750740744      -0.920562687334947     
   2.05662972852916        2.67796459271906     
  -1.93797900308342        1.48503975750998     
  -2.01319082737328       0.654864826020378     
   3.39008225957717        1.15745176627672     
 -0.715243551767565        1.32092744491590     
  -2.12831966314265        1.47711184002116     
  -1.53622238276026      -0.642744736715267     
   1.34197917112864      -9.690230512805688E-002
   2.73511233777044       -2.35672071932551     
  -1.72486018606840       -1.82003436768937     
  -1.88610916259826       0.251609334470510     
  -1.26279904661359       -2.08956254451464     
 -0.892846246521700      -0.414310983001176     
   1.91108412021514       1.693903447021893E-002
  -2.11952054872621      -0.317121406592797     
  -2.57501879367671       0.504441860642050     
  -1.46952122803639        1.27027483586564     
 -0.406277311510107       0.514573081844654     
 -8.649305254085279E-002  -2.54404059775046     
   2.45669841513852       0.771210179102447     
  -1.29779556386718        1.57538983551741     
   1.56410618353954       -1.75535397480191     
  -2.28482156989194      -0.270920643978315     
  -1.66041927621723       -1.77631528333201     
   2.48481323847450      -1.102604417223065E-002
   1.55179898955181       4.310383625941602E-002
  -2.28559539823776       0.982120066089886     
  9.556412212745263E-002   1.79845276128833     
  -1.13360244540137       -1.71008766111378     
   1.01635953053754        1.19758489674276     
  -2.45851099341027      -0.103626660013430     
  -1.33802630468058       -1.33587517053643     
