   1.0072956954495920        9.3246513267416731E-002
  0.94400726625660747       0.45545246898773439     
 -0.25304168998613097       -7.9129104445667009E-002
 -0.84031495746767337       -1.0296924433996755     
 -0.29366090769961151      -0.35591526980945987     
 -0.55192003205869722      -0.77408208192781136     
  0.81322554410814241      -0.26687088104032286     
  -9.6858905959946284E-002  0.28346145983655568     
 -0.95560688387452375       0.26130677025270366     
  0.30499416623200837      -0.39442832007401840     
  0.72356132103502024      -0.23782906322750219     
 -0.57407482629812856       0.89667602647806977     
  0.20897558390062687       0.30555856359739653     
  -7.4058863389718343E-002 -0.38037265480838056     
 -0.78705763173128784       0.47050370756432369     
  0.22356304922482129       0.39769292486177599     
  0.80684572303741731       0.27605533900708545     
 -0.68638981047543313       0.18422690803827013     
  0.96949699152865065       0.95788163689847639     
 -0.47422751236932181        6.1327904355311220E-002
  0.33027155105163342        6.7607368838501269E-002
  0.96769671248325850       0.76344370696578001     
  0.32802588410477940       0.41731411484399739     
 -0.18291295460909218       0.81685242435294469     
 -0.69215310464785951       0.30865569617244626     
  0.55140513381615008      -0.36175779766355975     
 -0.75618577483765614       0.18833546676789892     
  0.65341079419602144       0.85378640989300147     
  0.47443381897146764       -4.5195089029052220E-002
 -0.23822000316124137      -0.19739118994606297     
  0.11798259177592740       0.95543565640107841     
  0.99296601134738416       0.45221640865948909     
  0.91969463876031532      -0.85385352128825454     
  0.48022388949604333       0.46312032989612195     
  0.90587352661635490       0.37194982454717662     
  0.63979584822935598        7.6786137237979668E-002
 -0.86441233098548675       -7.9641341584409275E-002
  0.20755605965701607      -0.76533906428245824     
  0.18696691607772165       -4.6637612233046272E-004
  0.78393320489027341      -0.43278255797415244     
  0.35149112320887421       0.28947728110440951     
   1.9530314060238314E-002 -0.51725266113127621     
 -0.83470448171400768      -0.83790357636627255     
  0.11070799470806136      -0.28923300697349141     
 -0.95752447957759679       0.54542799019374777     
  0.25393160506746004       0.50680425290197251     
  0.91933803723684226      -0.81191415768733521     
 -0.35089819898451524       0.15323679049199113     
 -0.89151767952447925      -0.81199134590042799     
 -0.55589364638339833      -0.83925611696946567     
 -0.84113987973576432      -0.54667942249975443     
 -0.10105495114307672      -0.62366775544621000     
  0.14617320073400886      -0.99177810256209620     
 -0.14724233059320890      -0.24469685372116357     
  0.96534736624853368       0.34480716403053413     
 -0.97793674976208766      -0.78056083706476209     
 -0.89426896546508328       0.63915258061441160     
  0.36915415968709686       0.12349873159461100     
  0.47922835417790144      -0.80831741261618051     
  0.69277582451945507       0.62958904513041181     
  0.50524930784159605       0.64599888418148566     
   6.9854518134489174E-002  0.29056643100755108     
  0.47364965374281787      -0.21919437465666869     
 -0.27638029240635453       0.43035118270090522     
  -4.5188155085439156E-002 -0.11515203325784396     
  0.53155992965597054       0.36451593657568915     
 -0.47189186776629288       0.83500716315381807     
  -7.5616316725757304E-002  0.57657569205845416     
  0.82987262124208949       0.34935042469189836     
 -0.54884647215100335       0.66950620989047538     
  0.50096989463138142      -0.43817677941409494     
  0.35611360586115692       0.19702517080164195     
  0.94732373806995951       0.94007570359296411     
 -0.31181045084568337       0.80113159322129612     
 -0.30967680482135695       0.82148415817745413     
  0.10523361722366009      -0.10937772331154161     
 -0.63399529299184842      -0.28441470695398618     
 -0.63738223909010605      -0.32668636695268516     
  0.34352936544570922       0.19669563419091540     
  -4.9928997176576166E-002 -0.40789917991086666     
 -0.45006366735507752      -0.64056041430551502     
 -0.15696753209300884       0.91820292471432019     
   9.8599693018064372E-002 -0.78136635140612243     
  0.62165984284368059       0.65123914703840313     
  0.43024219023741916        1.7543619028064457E-002
  0.33985825062843733       0.76107561358193898     
  0.89450505012003334      -0.81156237568894585     
  0.74551169525877548       0.22433324547509681     
 -0.50224803562234088      -0.71961133993042448     
 -0.94535217644232983      -0.65989491508115994     
 -0.36314322584607939       0.57889223066482765     
  0.15961349525679824       0.61211844044622388     
 -0.41491373749343774      -0.71937335014025527     
 -0.32597525633356494      -0.50869615791730194     
  0.10173877128633357        6.6637730675709106E-002
 -0.94459381242875029      -0.74290678389027587     
 -0.77801673227205104       0.18802463105231282     
 -0.17524152160167561       0.76265367071570722     
  0.89785271529746180      -0.72716319165748344     
  0.88609527475334904      -0.76945695892518851     
 -0.24525911817396295      -0.39738045177548464     
  0.44210500635934591       0.41901265303681900     
 -0.23063790973924814       0.61746591259434602     
  0.91950526660550591      -0.42356439379160427     
  0.17165775436568209      -0.57350515787662215     
  0.70098345141013163      -0.52413796743434093     
  0.69166378601706402        3.4909649486373213E-002
  0.25531726954463174       -5.8753463712688518E-002
 -0.41813871380391499      -0.56928453738859486     
  0.31493636704388139       0.17393777878573635     
 -0.19153178223453393       0.65718648151596004     
  0.28741048321464113      -0.52275622968349067     
 -0.27016150764496527        8.3257322313677218E-002
 -0.74488646571466810       0.91653587087593658     
 -0.22141076904176837       0.40099461401247272     
 -0.27129543553113566       0.77936024224250233     
   9.9550978915336596E-002  0.87894789202416357     
  0.87112231034757892       0.22623879473989406     
 -0.39660553518965402      -0.69092377404048722     
  0.69733370771212955       0.19677640663976970     
  0.42396228975891259      -0.55552303049693830     
  0.60809860996644294      -0.25837487622218336     
 -0.76790490653346843       0.46697296651070364     
 -0.92822912961070769       0.36091867619175155     
   6.2583249607228053E-002  0.46471674516357342     
  0.30753229328959097       0.70176662407139800     
  0.67361911274198838       0.87395797905244477     
 -0.54328861265564843       0.11858268842844399     
  0.99369753104412606       0.63953180515120933     
 -0.63821255888667472       0.37868060097842315     
 -0.38472201400280337      -0.99031979453445218     
  0.84565589271832109       0.33721024045440640     
  0.52569211437437691       0.82505318849822062     
 -0.87780365314754594       -4.2503011016392193E-002
 -0.86882551168061739      -0.69667071169461514     
  0.38890052249773843      -0.42716182376888834     
  0.48255689772645249       0.46393393101549840     
 -0.19638143144946829      -0.86483284871410349     
 -0.88989752851002746       0.51832088829435374     
  0.37372984830829337      -0.41726297713600102     
   5.7705848454483906E-002  -2.8809963461517978E-002
 -0.11077136604904614       0.13487565423750447     
 -0.39317303244670754      -0.45060375641612138     
 -0.84025459952901382       0.90948857451499299     
  0.46850179492449873       0.47577787384239589     
 -0.36947104744400572      -0.54740625382074892     
 -0.47404889753166235       0.19572262080263303     
  0.88775298573180561       0.94396192846487992     
 -0.53818506471440553       0.85416510711719562     
  0.70774724895166519       0.35984974483660315     
  0.12106453190467370      -0.15723509811819247     
 -0.48945985030601724       0.75492260903340824     
 -0.69636384942436402      -0.17121566231845620     
  -7.3071034844930605E-002 -0.42164183245057485     
  -2.5974262963140975E-002  0.33908244854285963     
  0.63377425373478213      -0.25607406941840161     
 -0.40152600086276391       0.11155321898702208     
  0.46286013237822665      -0.75485622663559959     
 -0.32071246634615069      -0.71962331224216536     
   8.1365134710706277E-002  0.40624771118860381     
 -0.53146290167535604      -0.64239001477882662     
  0.95741573187332474       0.94673985175633457     
 -0.82391945043548453      -0.53864159135432965     
 -0.55612552515565650      -0.64884866485405501     
  0.71270685729747063      -0.95103819978758519     
  0.74001884368941084      -0.90613544126236967     
 -0.13318879217079949      -0.76576522679473369     
 -0.74964848767529668      -0.42850381066928844     
  0.23865051604718968       0.28692368610736563     
  0.80399652790015619       0.46695585355296942     
  0.27191754716073047      -0.59842689476173438     
  -2.0148783958489284E-002  0.18963784736813971     
  0.98749406026410402        7.7972332427030722E-002
 -0.24605536472899403      -0.36521345465071531     
  0.50302667971098813        9.9066900169190175E-002
  -7.5550083249374511E-002  0.25597644570220979     
  0.37936869994811784      -0.69962186637051493     
 -0.44169126172584017      -0.15887792466526030     
  -7.2379430076998208E-002 -0.24988955536766633     
  0.38884493648384488      -0.44262548201413177     
 -0.57736863195902544      -0.65583436133850204     
 -0.14982357894346632       0.34088760510483440     
 -0.70671257677690069      -0.75292038158314645     
  0.33710366369971068       0.11094750155809008     
  0.56207755194771081       0.51019025197820378     
  0.54288472609157146       0.71261853694454680     
 -0.78939590501650270      -0.37137160485426080     
  0.30236382779120952      -0.77716661326166747     
  0.62726384773290800        4.3341740192298868E-002
 -0.45631830671580254      -0.12265291877734730     
   3.4026564466510097E-002  -3.0734315826385743E-002
  0.93572437672521791        6.0067438191197427E-002
 -0.60856586345553954      -0.63816507938548761     
 -0.49034822371930753       0.89977990897163451     
  0.56496061529251307      -0.49500200640383318     
   6.0779959607719716E-003 -0.24289972133150695     
  0.23876919224541338      -0.86986558374995027     
  0.48618078491831307       0.68533556716564137     
 -0.30575324050064490       0.34847873579187594     
  0.29594299638104693      -0.86941167660178964     
  0.42814493965388856       0.14451637470932321     
 -0.52225033162719070      -0.89000722393328702     
 -0.33915160455024962       0.78578008810622757     
 -0.57925023950050059      -0.13486744678513829     
  0.46652326979133174      -0.98368695557783070     
   4.6236190900357917E-002  0.49491967019016281     
  0.80090574831240269       0.84857723660824624     
 -0.40821112079919120        2.2528706551861573E-002
 -0.52217230418698857      -0.41484965940267760     
 -0.70478083825033999      -0.35524115886999263     
 -0.68076736305723684       0.65802994663651182     
  0.95627819980705109      -0.15855483933692871     
  0.56105920603087323      -0.12797426189285299     
  0.74117750076959243       0.41554729391782752     
  0.28684825514673173       0.40767479717092647     
  0.22060135176811668      -0.98781455210902513     
 -0.40229174537433710      -0.64601948693506639     
  0.90950067626590636        2.3289444760832285E-002
 -0.96710502956767774      -0.13613172659867745     
  0.93934226826817646       0.93183302525946932     
 -0.30599711728212009       0.87817988467190577     
 -0.33440722404134959       0.36806289938735337     
  0.59307191819874649       0.40672439912705949     
  0.47008792391219467      -0.14963907439862800     
 -0.22426502759280753       0.80404647475430124     
  0.50902317566756472      -0.18694274567223479     
 -0.55296905983642586       0.41842413682271618     
  0.60600658724402257        7.6443729810467875E-002
  0.78300991728833358      -0.27415145469999658     
 -0.50623021798363155      -0.41023639674066059     
 -0.12201414408828382      -0.94443768089280966     
 -0.13966404219348449       0.43425139874905239     
  0.75774778382280417      -0.42442860371505131     
  0.69881183622906873       0.59178126722661450     
 -0.17422209106660147       0.68957344718158264     
  0.71667750495287086       -1.6238723892870281E-002
  0.56500477920557746       -5.4682811454983764E-002
 -0.57811623849130767      -0.15014115243539750     
 -0.12071427805851354      -0.93097777400677773     
  0.41316871226200158       0.79807158216076202     
 -0.20979668690638187      -0.54264631843126820     
 -0.25512944721054631       0.95692447140064685     
  0.33633492154313238      -0.68093386076889062     
  0.75692871758482561      -0.55248785321232852     
 -0.75503959724832526       0.59603615216435579     
   8.3457160595991065E-002  0.93570455330506941     
 -0.15521207801507098       0.57599311565401412     
 -0.50794673257911782       0.90011340080740165     
 -0.23518710854780611       0.22639807744157348     
 -0.71402429868685124       0.49654199648439623     
 -0.78542557496349819        6.3489534142004755E-002
  0.67547986088613476      -0.28588550312620287     
  0.74771199188440041       0.20892164639027522     
  0.11680384468957494      -0.61718220512566035     
  0.65761593061988988      -0.31319901321567878     
 -0.52677907791202760      -0.38217417231587203     
  0.37236183205295981      -0.18231280643403891     
  -8.3213781478483240E-002  0.81481401569710044     
  -9.5361096960059566E-002  0.29409540664050016     
  0.57388392513547037       0.54125132721866875     
 -0.59234307559884969      -0.52764408989460221     
  0.36578544890424403       0.75665890076634201     
 -0.23779540283306044       -1.0003296406165383     
 -0.18381895879091803       0.94152211266755059     
  0.96167553848856979       0.90015301501828748     
  0.94985086343956660      -0.29094897414600696     
 -0.79325542045483921       0.46104401578673704     
  0.66119651155632875       0.40848684868222995     
 -0.25371882683842606       0.20370124171741444     
 -0.37517816243685198      -0.43784903537626385     
  0.36494071876101253       0.61972518477746918     
  0.12482402372263213        7.8486908995292648E-002
 -0.33221578106090677       0.42100538518100605     
 -0.67131753264051075        2.5347473250158632E-002
  0.58056532589869292      -0.60883922304339855     
 -0.33719665747784533       -3.7502373693776285E-002
 -0.54198769872701136      -0.10740573006976106     
 -0.61422589889708545      -0.65018456724222862     
 -0.57398645350440880       0.77120880648862000     
  0.61201423772516872       0.42949389861085074     
 -0.15712733474325002       0.58157294972941465     
  0.98892480808462513       -5.8162385538542465E-002
 -0.54919021249072664       0.48336114255781992     
  0.82679395736736883       0.13887382221700095     
  0.75341630368826573      -0.96318870095407116     
  0.88824382411465486      -0.94659724074425022     
  0.80634062972118636       -1.0009113179249440     
   1.0106649824162834       0.91999067553141578     
  0.23550008808156786       0.13473228822808325     
  0.93668403206480422       0.74643716839722241     
 -0.58338693877920345       -1.0149365685620853     
 -0.47784249956554548       0.74045325077625157     
 -0.44867370025182596       0.73763646666822269     
   5.0464358143015760E-002 -0.30599053558292044     
  0.97982481517722175       0.71349999356276150     
  0.37507002023296843      -0.31547910293714065     
 -0.59144175476983119      -0.66594722042121357     
  0.98748740406512403      -0.67508618607796333     
 -0.96415808938334902       0.84703215362806072     
  -3.9593310181766858E-003  0.92065544794059995     
  0.23874494543551150      -0.31502874244682499     
   7.6932666005163020E-002 -0.74881530565818388     
 -0.72216333730796722      -0.27803587974818345     
  0.41285921615924015        5.9058725349115722E-002
  0.66331916640811128        3.4275857983038012E-002
  0.33684201041629014      -0.93406462353947073     
 -0.64489364806845972       0.19691568956766492     
  0.52964194064870918       0.77971434918544702     
  0.44017668794068276       0.43962109286061568     
 -0.27441848032139582       0.60331952837246328     
  0.11628778146646068       0.26120253195554444     
 -0.61269059183166297       0.59621557772791745     
 -0.94303023735100888       0.27395512898922858     
 -0.74854035346171321      -0.26970034684582944     
 -0.50253348292222833       0.89028661317712854     
  -1.7242216590229058E-002  0.94429641875753201     
 -0.42526110649056359       0.91645712686257275     
  0.91791451248963574      -0.55418689791504039     
 -0.15458171479087102       0.43115846336513086     
 -0.59725715829574955       0.23827863803628868     
  0.27153731579601925      -0.83466402702238973     
 -0.71033296652321964      -0.13056028036288603     
  0.98091084105967363      -0.19057233032350229     
  0.42178523520343503      -0.30960312103071508     
 -0.58707042293408751      -0.22122040503595208     
 -0.50937680541131813       0.36960601917403935     
 -0.82966175625343341      -0.63276740322282232     
 -0.95312012309745597      -0.37178284182166910     
 -0.41810890346645357       0.65042478663856551     
   1.0445892287869254E-003  0.37981378964577028     
 -0.47852804940891858       0.60504416543642714     
 -0.42459412318742218       0.20919620809803696     
  0.50379032381023925       0.70746627096062809     
 -0.73203602500132114      -0.48203619554300747     
  0.85912894572025489       0.93219961503930704     
  0.59075928458266369      -0.34454953493094220     
  0.54082600382430890      -0.65421999106656137     
 -0.85900113099429154      -0.94996166855563580     
 -0.69478702054914310       0.57340383772989978     
  0.32421414096913237      -0.55105307707111972     
 -0.33909357583613575       0.92694378583889314     
  0.23968203949582390      -0.45535779102812324     
   3.3004689990392480E-003  0.43185491131477782     
 -0.90875823934589350       -1.0090858169419548     
  -3.0776213649880806E-002  0.51283015222484729     
  0.82602838341235540       0.78998435180510018     
 -0.32016491020843896      -0.44177590085701990     
  0.66958095418133490      -0.12167720584574160     
 -0.95813490604933005      -0.36220736989612190     
 -0.87142855089360638      -0.85485586153953030     
  0.31563868783336413      -0.25002967470527548     
  0.25203652892361661       0.61003707485364056     
 -0.30967065264002946      -0.42346696111841764     
 -0.26598122803893287      -0.21703145989413031     
  -6.5928096847166717E-002 -0.27557693304597741     
  0.29841044051162058      -0.55709903503073144     
  0.44353266889596976       0.67320077935787115     
 -0.65994179424670918       0.42220521522563614     
   3.2013229782867254E-002 -0.48007458383275048     
  0.99828902891767579       0.48209076347774404     
 -0.92238574502742021       0.37291821626507127     
  0.35635008434196624      -0.86031872060876080     
  -6.5439850950226974E-002 -0.51272596844299767     
 -0.27684167581442209       0.40587404347237199     
 -0.93323812119414162       0.12927662642814797     
  0.40066663494051902      -0.81901741163707209     
   6.4690972560712989E-002  0.94695088039488895     
  0.46468373685097975       0.48057184095906491     
 -0.58058705870247596       0.68610254164466378     
 -0.60283200050907326      -0.86408352874464689     
 -0.50526087747355763       0.78064352759368538     
  0.67189409994187321      -0.88531139469057041     
  0.75512943409988820        7.3977433858230857E-002
 -0.19344948125378703       0.95821664875195434     
  0.55221418099299857       0.53092013260694659     
  0.51896723544745549        8.0038710902566645E-002
  0.40102338974380980       0.71081526245865523     
 -0.95914946975202042      -0.46892029830608672     
 -0.62517324431183408       0.57502834021590332     
  0.11725584767857145       -6.8724674730275881E-002
   8.5654400458316182E-002 -0.94971701993187563     
 -0.70014624527479086       0.51985826022729342     
  0.55342542500693725      -0.72134552359884552     
  -4.9903925241187023E-002 -0.71437070561647453     
  0.10988166187816706      -0.43032702080923491     
 -0.67899141433747734       0.10963911787757286     
 -0.69964809084976776      -0.65380890997551977     
  0.39433575284688960       0.85997362718216097     
 -0.72500150039530031       0.37958546665900705     
 -0.22836074209377832      -0.24444113292031378     
 -0.98581144688944145      -0.21402363030152105     
  0.61980310862492893       0.71532582412643131     
 -0.70624551116567647      -0.95430022028896233     
  0.14347585606395707      -0.92399912290310815     
  0.75488409850009353      -0.35177035127167855     
  -8.1564125623025882E-003 -0.47596975421585364     
 -0.51069767239265595        5.8892782102165649E-002
  0.43992138411811221       0.76525081187233646     
  0.52692620711455973        3.8049019391525947E-002
  0.30401914097902250       0.51349654025750691     
  0.77020738448976789       0.16507493108405269     
 -0.86478955355391962      -0.16216124356657180     
 -0.97041278356463789      -0.44125271524884635     
  0.95917924590968928       0.86993911512877387     
 -0.56124834932871481       0.30753080397642285     
   8.4485172197246605E-002 -0.32100731623413337     
 -0.98507747126396672       0.65846979392824823     
 -0.14487940013106337       0.45528707926420675     
 -0.96453489418617533       0.18833375518674922     
  -9.8951471787988909E-002  0.28491875790544463     
  0.38966845318269483       0.83784959697442307     
  0.44563860757010376      -0.13707149814598485     
  0.28118844024480305      -0.59201460334984857     
 -0.19149922273273656       0.61979238386293489     
 -0.70980283653479082       0.47146097492935302     
  0.59815507249034305      -0.58459057558801586     
   6.8350038288525150E-002 -0.76550306754902997     
 -0.63992269151692871      -0.74534311809326392     
  0.63219622020700950      -0.53743271874003207     
 -0.16770738710123689       0.87279039151249616     
  0.45165623209073935       0.63036510795230671     
  0.56584335649186057        3.5364191419688946E-002
  0.23475394609650957       0.34784301133380713     
  0.21354277598637950      -0.84770551342487521     
  0.11056962482188260      -0.45460983756313444     
 -0.57611055738116979       0.64572750451272221     
  0.31517010628119668       0.88576353583675971     
  0.23208818921806906      -0.23264030244392475     
 -0.73059428223939116      -0.76481645860692615     
 -0.55757355885107240        5.6164244602521299E-003
  0.43162979933226397        4.3749153419405731E-003
 -0.61891190423699860       0.68577449220870790     
 -0.35921977936735194       -1.0342734079388716     
   1.0113320939955119       0.72039784681154551     
 -0.50027656661579756        4.7441936645359346E-002
  0.53416588728000947       0.32284153528031245     
 -0.14520344731713708       0.14905694165942163     
  -9.4921348032013242E-002  0.84859533055255132     
 -0.65511425069863494       0.90874159614673111     
 -0.81400035098398660      -0.73817831729766548     
  0.83197912206563474      -0.62934676835181813     
 -0.54473645521382297      -0.77211123393762882     
  0.40706943071420087       0.91371410815894660     
 -0.98215051595616853       -5.1961759577084259E-002
 -0.49250567051939709       0.76473199320535823     
 -0.77918887126020953       0.51005668857051534     
 -0.77866097333612982       0.20102427175768756     
 -0.31915696675880412       0.91507913091923498     
  0.39602964342583746       0.61495537251118471     
  0.94843204149863269      -0.48552571280105483     
 -0.25572022639563463      -0.73195425523227331     
  0.97398968336414882       0.82309080235562115     
 -0.51927236727414905      -0.79361802835969697     
 -0.25537782078659754       0.63848964899621063     
 -0.73623791357944279       0.93954555712105270     
  -2.7801032866046731E-002  0.88246473616190912     
  0.93325312060009491       0.46605274563981536     
  0.30337532705360948       0.28936523749727483     
  0.77076290789714097       0.41886487020799579     
  0.40472841295702522        2.8292684190865953E-002
  0.50979151959282776       0.61311678244831547     
 -0.97956575661039769      -0.59064403927962617     
 -0.15959851209760245       0.21691560074361527     
 -0.89031463421183532       0.28599693300909035     
 -0.63215773647857088       0.12379667439495257     
  0.93424233785167043      -0.46836681043652728     
 -0.42774081027831090       0.71619510844640288     
  0.36614627944038269      -0.56800667276939887     
 -0.61499751636428157      -0.91624685657999261     
 -0.65405705070110853      -0.61309552898292319     
 -0.13448381649168284      -0.84695626213104802     
 -0.51778435363303399      -0.78097039166026128     
  0.89796505471021781      -0.36931756524133386     
 -0.84827211928874346       -5.5168799116618976E-002
  0.40549086778714938       0.44418707347842568     
 -0.74452468606998323        4.2552168586364354E-002
  -8.6373304421537345E-002  0.32991738053994002     
  0.68009346522605663       0.82387203114651175     
  0.54514048961771300       0.14668810122714193     
 -0.17836628766071883       0.95899458721259712     
 -0.71839179970742939      -0.32012378347094606     
 -0.76207071533374959       0.22295893737165051     
 -0.67598443200459557      -0.23203229177253371     
 -0.61698991527994163       0.33017982701578164     
  0.23739494667984085      -0.55149964829230247     
 -0.69837583083209598       0.39558842096229596     
  0.65190694491468548      -0.80300349683290473     
 -0.73430418069642367      -0.46771659238005792     
  0.98568432678252926      -0.54945359184209952     
  -9.5598257993680866E-003 -0.98101381574730406     
 -0.51789624326911254      -0.13285659152578932     
 -0.41106325990262493       0.38972992156460018     
 -0.11601330079125827       0.18281340313951833     
  0.13614463335210725      -0.35405764453528299     
  0.55535618782200746       -4.4130934492492939E-002
  -8.0238468995838863E-002  0.35089033313957585     
 -0.62488731895810612      -0.15762216452643374     
 -0.11430482350604687      -0.92290156643197307     
 -0.25011891228634875      -0.17870914526695580     
 -0.59051273245318514      -0.25041133365828538     
 -0.49402609707067824      -0.91607401980882708     
  0.82747855728228603       -9.2403542383178577E-004
 -0.81861230098614013      -0.24850746878551222     
 -0.78485064091093126      -0.94461836634288865     
 -0.50857786615179212       0.24651730785647752     
  0.10991006056985642      -0.67170197282362620     
 -0.13402321076619450       0.21481570067819500     
 -0.81333675686306783        3.3805088625477049E-002
  0.70166860679787035      -0.22144951605467744     
 -0.58152065983564727       0.61388276064445968     
  0.94383337585913818      -0.28493210814550740     
  0.30644331978182571       0.31508413318084227     
  -9.6445373277070701E-002 -0.69623758741837949     
 -0.28378199815541416      -0.38212360028686776     
  0.50582896773910635      -0.49738200256301912     
  0.13476008794360461      -0.77551700809777468     
  0.60892972806729984      -0.62848298475120168     
 -0.93471327960712691      -0.64792484905815595     
 -0.97213299094289929       0.60314460998711206     
  0.90107615900525606      -0.10441136278892338     
 -0.76063987412773204      -0.71941325144090351     
  0.70265273558712504       0.66701126098807983     
 -0.38503696537238929      -0.53805982061470492     
 -0.58609395712835477      -0.51882338726626420     
 -0.47361330271994451       0.21683190293753296     
  -3.9883114790920209E-002  0.69938660501367367     
  0.30939243318354981       0.73846147890526748     
  0.60267168330146914       0.71992944228795208     
 -0.55836904585943636       0.86326842734007392     
  0.45040697314733302      -0.81909790772046831     
  0.92709396141118727       0.25349194418074905     
  0.17582866675307440       -1.0145588452136192     
 -0.43547890204802675       0.56050428316198708     
 -0.33202871361763475       0.11840458577772783     
 -0.93990037587355890       0.29940679319562880     
 -0.62492489731002521      -0.46716591471068147     
  0.32908795776561139       0.13752734359995622     
 -0.86042815435442765      -0.77476419603541080     
  0.49550279871693181       -3.9739246213791317E-002
 -0.92494193880773490       0.94107572932550854     
 -0.98097609154581322       0.35818151261503517     
  0.53028043867726615      -0.53196639913185817     
 -0.32489204782462466       0.10532903484879896     
  0.99534747454724215       -6.1052955934082435E-002
  0.13445045942358580       0.17242554105357333     
 -0.81647168144030413      -0.52405651541949294     
  -4.7020722961665699E-002  0.58624688550828963     
  0.46141831973080838       0.94565736736905914     
 -0.85651789990137317      -0.89079292671714927     
  0.67456511895810389      -0.21490533909265830     
  0.33623421864517411      -0.53232478396012706     
  -2.1747995216925491E-002  0.18440174695340894     
  0.37818909240735676      -0.23910344057850996     
 -0.56621990325597116       0.77942239795470103     
  -3.6467359290650585E-002  0.67223442078080997     
  0.84586600868603390       -9.6102120575034464E-003
  0.44996984112534122      -0.46529782322073254     
 -0.86380375913368757      -0.28736565352687848     
 -0.46983883050021946        4.0415714410253718E-002
   8.0863989645858503E-002 -0.97831835201002604     
 -0.14345578895776701      -0.19378023100853881     
  0.30938816241069289      -0.72239636894928094     
 -0.21240076037534861       0.16736702204984977     
   9.2244796749527458E-002  0.37159987944609352     
 -0.75315445156000238       0.66925943888694039     
  0.17308305528182411        5.8770550373426003E-003
  -3.6855179905892703E-002 -0.97249724330937704     
  0.54589540173404405       0.59653361019527873     
 -0.87515820364413321      -0.61496762342887767     
  0.49865105228863804      -0.42071224618024639     
 -0.75775646030173527       0.69592421027401330     
 -0.26903629488366532       0.77676164549748772     
 -0.56326143285960728      -0.32251160534205114     
 -0.79908296458964134       0.26337214005522291     
  0.82145006098870343       0.48732063961577921     
  0.79708078388277959       0.63021969122745514     
   2.7414510356741813E-002  -4.9375441970602500E-002
   2.0406126048608149E-002  0.49681991963383920     
 -0.22108425649804642      -0.85678086050789348     
  0.86431237220152823       0.37593456622823740     
  0.67470242082553677       0.56177342533159491     
  0.19040524608583298       0.58958268890592103     
  0.45071107371202612       0.95592167824992225     
  0.88587918035297575       0.34158549669226534     
  0.45392548983337866       0.22646323869441520     
  0.78339812421076083       0.48219050031332533     
  0.38027616684119603       0.68507728402037826     
 -0.39372340736606160       0.92539548386882808     
 -0.79352987566277511       0.23115803868882079     
 -0.85452367434587084      -0.69447552600170392     
  -6.0155016994493764E-002 -0.16224112346272301     
  0.62038478095214677      -0.18265666535862835     
  0.53710161631018583       0.37627441881008017     
 -0.49486506534684160       0.76195210608980712     
 -0.86103269452372189       -1.0045021654682060     
  0.90692686305061354       -6.3163558208418236E-002
 -0.21862698270106118      -0.87689157320914246     
  -2.8532496434778613E-002 -0.64134220255339613     
 -0.27938002656647232      -0.17778778157357356     
  0.82470348169092755       0.83209513226652798     
  0.50306818424682032       0.89520277123060810     
  0.76929426111937160      -0.52383439030434276     
  0.59966313742420030      -0.88215477191509906     
 -0.95155345232023758      -0.37224596183369640     
 -0.31819955574127423       -3.1829675095562886E-002
 -0.22606372121048834       0.74608686105821898     
 -0.46532954626701772       -5.1620625361610044E-002
  0.49146391815136825       0.19565064758094630     
  0.36588235390117241       0.42891157813816849     
  0.74382307493740951       0.27777486090782921     
  0.81630241443077467      -0.49649765640377752     
  0.87976869628420373      -0.76000041294618459     
 -0.31514672996833570       -9.2060344443003483E-002
 -0.98528278007984937      -0.57687248807724112     
  0.92897379463985263       0.73112863310668330     
  0.12510734981282234      -0.36577856308891721     
 -0.61454070633064140      -0.27445968884911709     
  0.34421186915386870       0.78772097686274578     
 -0.16251689246464718       0.93626151573756600     
 -0.65215102550942716      -0.79102966872929548     
   2.8968370634069547E-002  -9.1705949044690538E-002
 -0.67559523680788902       -6.6877122422589030E-002
  0.62595840928049484       0.93531663753621985     
 -0.81711449572211370       0.88153837956525183     
  0.41521080936942600       -7.8700221676061277E-002
 -0.10344930028333343      -0.99086451313456680     
 -0.50441036196126188      -0.80559416632480985     
 -0.97930423197536953      -0.51743706762666863     
  0.20693280851739670      -0.97649240847406849     
  -3.2033570540193949E-002 -0.49212253940546202     
 -0.83259382677611971      -0.88660023140453048     
  0.73011596369806897       0.10337739492784515     
 -0.81881649778721899        9.7247207062908014E-002
  0.25262601439714549       0.43721709965340305     
  0.99024216833945289      -0.44647090673909839     
 -0.87897562996494827       0.87211756389727002     
  0.71820362804031990      -0.93098265672474079     
  0.95419187392382554       -6.6513309615888971E-002
  -5.5853211079332825E-002 -0.88745079305712204     
  0.58672977676957871      -0.39299704201506769     
  0.45108110240685129       0.41377020683712895     
   4.8862437686127753E-002 -0.41126521973494934     
  0.83147944521976425       0.52284781661197499     
  -2.6013567865731384E-002 -0.99935980957646153     
 -0.69143073346991679       0.70806880220627910     
  -7.4647798559574818E-002 -0.64482011801594830     
  0.31753930673419317       0.56602803869778939     
 -0.51660176046367301       -6.8919722265058381E-002
 -0.53587800541158059      -0.80512023594690207     
  0.67927798921063465      -0.13250747516337591     
  0.79435188233930232      -0.72845133244545157     
 -0.61078364084732573      -0.73621217413500739     
  0.21936623445594639       0.81690475698826681     
  0.94743612010158240      -0.79847693798551567     
 -0.65564852850076516       0.68401010890354885     
  0.50919194343974650       0.84374043767919749     
 -0.40687309233364322      -0.60431549282408392     
  0.35058168565555370       0.81127090653704692     
  0.26092496218167671       0.31163781352310171     
 -0.98342433984791477       0.15592723208891424     
  0.66267785297351334       0.84635985058393914     
   7.6195307370852339E-002 -0.27100953598714317     
  0.35773252751868934       -5.2842382718738305E-002
 -0.75226297677813725      -0.98113392686288869     
 -0.49191394211119466      -0.50160226715641998     
  0.64939467858037858      -0.98268208096726539     
  0.48908883537638426       0.62865355716001603     
 -0.63964926693229218       0.54879848535374576     
  0.14034375599780646       -5.0133577388566934E-002
   8.4581100996419314E-003 -0.53778403367887240     
 -0.12460803322327951      -0.70336488045387235     
 -0.33490931876956798       -1.0068700268797048     
 -0.62093309730198509      -0.14019878130723229     
  0.94695123197945219      -0.59886526497372050     
 -0.14666883068293912       0.31305007227357229     
 -0.48912212756148565       0.52152470123603134     
  0.67161561369934475      -0.71688052814628689     
  0.85338297541678676      -0.65745971817966686     
  0.60743017462383819       0.92750158960814932     
  0.78056303108128322       0.35550521920445166     
  0.62214843048560309       0.58309796826484739     
 -0.21940202540857801       0.23337333965092411     
 -0.51391739082606724       0.56070377353838419     
  0.43320710769239357       -1.0296901490109045     
 -0.54935879188988701       0.75814011463274955     
  0.20978761690309722      -0.22407370951448691     
 -0.78723459523896588      -0.82991665234318046     
  0.15818746201099176      -0.56312363624627637     
  0.31278813714667830       0.76343006798935020     
  -4.7374636453089806E-002  0.11158658780358421     
  0.52996845873292986      -0.21512430485386225     
   1.0097365035925949        7.9231690585464198E-002
 -0.55751861513078449      -0.89016874112839450     
 -0.67990293638404808      -0.12356451109429689     
  0.79970833863604041       0.19697650410862599     
  0.28950260583317866       0.78995770744172922     
 -0.26491808520664950       0.78839067149725306     
 -0.68310838345837377       0.90869578291220821     
 -0.15789546126115739       0.44325752074044522     
 -0.92699142923900357       -6.9870842313390691E-002
  0.83535053679661520       0.76450038636121675     
  0.85248668039582243       -2.3972952975891831E-004
  0.48293344220577872       0.61258357765288740     
  0.41934417475712316       0.30732391187553820     
 -0.83468016345378571      -0.10472350874021452     
  0.99771365402767143       0.12862869209006988     
  0.13984591241980837       0.12969559814822063     
 -0.21661267781772553       0.58652680387315592     
 -0.15287015237866464      -0.37317265755169826     
   8.3282634833207192E-002  0.81441839787578596     
  0.50072659701052280      -0.45073662081473520     
  0.15156400618656951      -0.41956659236219829     
  -4.8854652538158787E-002 -0.73268717892512636     
  0.20615322282345705      -0.26570131802772723     
 -0.60757279764668048      -0.83937932646550073     
 -0.97296048894985554      -0.20435395519060018     
  0.15697529881292027       -2.1947523032977083E-002
  0.39509052623003815       0.22828513969749764     
  0.95502453531480280       0.90135313623145419     
  0.48156621382063780       0.81192887813809977     
 -0.85781704946155646      -0.62000510589349722     
 -0.47387046823755519       0.33416811235952015     
  0.49095951676246385        1.8212393405786738E-002
  0.15952074729743937       0.20941320702939947     
 -0.62662965628761103       0.20677061371735372     
 -0.35654428576785335       0.31321911952849191     
   1.9384164163995583E-002 -0.62102578366804129     
 -0.49361225061128722      -0.15636265759182910     
  0.20315989496579667       0.32947413472488707     
  0.38525179579203717       -3.7270981567930621E-002
  0.94155977710896455      -0.64514797842310534     
  0.24694286759533068       0.79195415616266041     
  0.67292979149408572      -0.20772146030780236     
 -0.93969980972093237       0.76624050668904076     
 -0.91911693066503641       -7.0144215645780994E-002
 -0.72603295159744641      -0.71241292178713067     
  0.31828228330530850      -0.23884754282386012     
 -0.85740882830370890      -0.54391318645528064     
  0.29568612797663119       0.21718263350866440     
 -0.48945913551111975      -0.77844968479805488     
 -0.62801884457616231       0.19290123379125790     
 -0.17415400105026868       0.56409697369516709     
 -0.56969487555954879      -0.84936211620558089     
 -0.30676631810652810       0.76160064389180793     
 -0.82608295331034243       0.31650651864827628     
   1.2492357373594228E-002  0.76850981069711044     
 -0.86285674102979382       0.40584048937417272     
 -0.32163859499252179       0.14098545921194860     
 -0.86493109020695624      -0.95050362980235970     
  0.17568133866136537      -0.17561413677845028     
 -0.79039311747738084       0.87510328922046621     
  0.55636215487289142      -0.74575095980321215     
  0.45770550783838737       0.95249414012704348     
 -0.34070700758259864      -0.92070381128352463     
 -0.95718909206515623       0.75341118692703279     
  0.67618526182901229       0.46792185821125210     
 -0.30022455871262776      -0.44648610100246766     
   9.7934406508037641E-002 -0.31175891978355463     
 -0.81098325000533933      -0.15504419489051235     
  0.98244210510363406       0.94536433681384491     
  0.87115418217001150       -1.4021514152339425E-002
 -0.82036860974405656      -0.28058014558389499     
   1.0083724391285491      -0.65238911167395353     
 -0.73464017034953955       0.46622112979019414     
  0.53303854553614505      -0.84997073714704885     
  0.22185891127998025      -0.86265675092123106     
  0.83405789143292641       0.85110366974376594     
  0.45058283749151862       -3.0050923845802872E-002
 -0.60228881458395889       0.31651242106202826     
  -7.1361953574264003E-002 -0.21822018862799575     
  0.18094886577479730      -0.67060001273488035     
   6.9461713121091506E-002  0.84466041485806054     
  0.96364860944436814      -0.10080554884607795     
 -0.87936183269446211      -0.13717604933776828     
 -0.58323101568170488      -0.94240956840468537     
  0.94369321946463947       0.38900607494073092     
  0.75197434472402680      -0.71627676523912975     
  -4.4067831572176461E-003  0.27719147711614145     
 -0.42181423070040025      -0.86225433730250800     
 -0.92011387967486713      -0.27876110724323522     
  0.27253453000846140       0.41626320386617355     
  0.76298551838032624        9.7954358215054382E-002
 -0.54353163526885306      -0.27895219594347442     
   3.2112838799332362E-002  0.72279336850339182     
 -0.98248212481606401      -0.42811908797117781     
  0.82990342596652056      -0.41291504022112391     
 -0.33649731043782061      -0.89245939096420956     
  0.73231664974302890      -0.98151959660993460     
 -0.59527536265713832       0.40421483142687231     
 -0.67677100169568472       0.49638392449945723     
  0.97963791123863841      -0.17895569846430059     
 -0.43520365318594711      -0.92794180929200043     
 -0.70493574365046019      -0.25827421770874071     
 -0.30485231736992580       -7.3649315047077835E-002
 -0.61283376420927782       0.25093322797088380     
   8.7724501399609744E-002  -5.8162902345226579E-002
 -0.20279401944417375      -0.79920482823634131     
  0.25381055170544187      -0.17866664194177284     
  0.22964608013062082      -0.57148431579202019     
 -0.61998745424940593      -0.86146499481376870     
 -0.22996836952250654       -1.0198400193483452     
  0.69876896092913188       0.10360429605452048     
  0.94712667085424940      -0.76283273016483588     
 -0.77782682571978023      -0.66648337485831322     
 -0.57785398976957136       0.83037755991583651     
  0.55449592442584117       0.29518343780163203     
  0.15418052541299576       0.47146752110291823     
  0.77211667872247247      -0.44258561243148598     
  0.45682088583017522      -0.85696201667960059     
  0.65672986197738981      -0.16885181473379030     
 -0.35294361059180512      -0.29713830049286782     
  0.15422889323079714      -0.92288834193879032     
 -0.59365831122753954       0.46256135611614790     
  -3.4029721847586895E-002 -0.75744156379919048     
   3.7470457898905359E-002 -0.98803098195706363     
 -0.30493235304000987       0.52874438077936414     
 -0.34902391987240211        8.4385329307972226E-003
  0.43517360297504148       0.23578777998704581     
   3.4285336297952503E-002  0.35706788746324269     
 -0.51591300384278882      -0.76244701904117407     
 -0.13111038784155649       0.15526574511941682     
  0.80039023983849233       0.95838081635929551     
  0.86739747853121285       0.32772511345455202     
 -0.60657289429311390      -0.26119176315125192     
 -0.81003266796168161       0.35400065332458897     
  0.49294751088873423      -0.84791651935823009     
 -0.84567411362717548      -0.60693263617217741     
 -0.88281621458885229      -0.43794329954793709     
  0.50558721788639738       0.22197267935723186     
  0.30526805985232364      -0.85115323580598456     
 -0.66469755577392453      -0.29752438845794993     
  0.19399391377850383      -0.61098713701286833     
  0.62880661592917897      -0.81310364362935528     
 -0.27649890908295505      -0.70286824034373274     
 -0.45514957006052525       0.95805567405970482     
  -3.9082124790029031E-002 -0.28344464675448044     
  0.94046214310721532      -0.94986330100492067     
   7.0453487184107377E-002  0.78258261745829905     
 -0.58467540657428230       0.78181900013966144     
  -2.8347790702672564E-002 -0.17143443338634112     
 -0.33637128054247478       0.85944160347395582     
 -0.26834017992164227       0.48127094205870091     
 -0.92084419984713772       0.94324514422761596     
 -0.93912202375376008      -0.98186109366218721     
 -0.44290781992888473       0.45683069417487054     
 -0.41684405751330678      -0.58693052847552174     
 -0.12894731837533246       0.50403393652395101     
  0.19012027289871680       -1.7191439796326174E-004
 -0.96099059538349363      -0.39000616047027048     
 -0.24532060807640632       0.62896168210163461     
 -0.46510126273386088       0.43500114291976244     
 -0.90201872053715304       0.64408981162250090     
 -0.70974220766470753       0.73942826071424039     
   8.5435307229341229E-002 -0.77804122628822059     
   3.7742444528521497E-002 -0.27903773654233088     
  0.81382545996536049       0.63903173085396658     
  0.61326344897177121      -0.20264597747340685     
  -2.4755095225303274E-002 -0.63957689501724690     
  0.93628859150916544       0.94693962325172354     
  0.61142471179014812       0.77284895815038812     
  0.43612561741999256      -0.23848425572746823     
  0.51278428909391072      -0.57887137061666105     
  0.17145290713333639      -0.12748573049986822     
 -0.92607083506701304       -5.5240212978227003E-002
 -0.47818555950065678       0.46919849876878028     
 -0.46875190995983784      -0.52517058282769513     
  0.31834346225653665       0.89140845860652762     
 -0.17314003582009918       0.55420806971432590     
 -0.98760377630856189        1.3627539806759799E-002
  0.91282082158618194      -0.36245080567422039     
 -0.40053084514291282      -0.73383538330708475     
  0.42016966381319976      -0.73269841598673535     
  -7.4723443432718861E-002  -6.2341637423659162E-002
  0.49355879317165030      -0.11858075713955785     
 -0.38563204175109411       -9.9027837391206130E-002
  0.86125884704056288       -1.0379519280380829     
  0.51488428878423287       0.45561550051489963     
 -0.65411455976294475       0.16509652479698689     
 -0.17565382777957161       0.51512943325165517     
  0.10749407660138188      -0.37675572838182880     
  -1.4752342599486427E-002  0.91755790380603020     
 -0.85884165286482084      -0.36302306691355968     
 -0.80754674283996786      -0.22178862766387231     
 -0.83655461287071797       0.16913966425830584     
 -0.26447665312194490      -0.40453242832427128     
  -1.2278126701921403E-002  0.41634796463610657     
  0.32500188935100893       0.44485055281213670     
  0.92737067700233244      -0.57477019339178859     
  0.97307428308994681       0.13566300936089015     
  0.35619681706422868      -0.43447460795072868     
  0.84741626254773861      -0.85493243364068050     
  0.48347685320341127      -0.33710640106834266     
  0.13483850459711211       0.57241420760026673     
 -0.50344149983925246      -0.17614464491906912     
  0.45132180239037334      -0.95636371014079646     
 -0.98642911668783739       0.34591461331746531     
  -8.5348522068516619E-002  0.78068380381018110     
  0.65884621510537600        1.3602840378355470E-002
   3.0757020878086079E-002  0.26516212025665520     
  0.62758850450759707       -3.2953013594425144E-002
  0.50708148359288052       0.63186778997741899     
  0.34733670789667404       -3.9554071705617304E-002
  0.60742929526488409      -0.64370309717732166     
  0.51664991415371420      -0.30943053318614755     
  0.66168502391417072       0.78444429721534714     
 -0.62413167609639708       0.59895970847960656     
  0.11995255704345631       0.77568581214096444     
 -0.39149706446823762       0.16842384248490094     
 -0.61121841356719586      -0.55351650754587900     
 -0.30371111255884164      -0.37798569373565827     
 -0.82258756372224107      -0.52090627656008359     
  0.81964651982558667        9.7847349247993209E-002
 -0.87916073273153428      -0.45071828419885929     
  0.43734030711273086      -0.80673086526564175     
 -0.94238485830842000       0.12599933761224502     
 -0.12356628921265078       0.80254813797776658     
 -0.40193132674741805       0.94196508901948928     
  0.88275598604441741       0.26943621967603915     
 -0.83315594885469846       0.42868909141343980     
 -0.38840174865582799       0.34439075806281139     
  0.99133534656934330      -0.50156235213721989     
 -0.93942499722032857      -0.49475155817857885     
  0.54997219088304505      -0.90452186252471867     
  0.65445338923810836      -0.88876534560926790     
 -0.29703910099561970       0.61091390001790313     
   1.7637744638483673E-002  -3.7479019461093881E-002
  0.99422945194357260       0.43662754581884977     
  0.99951568926220613       0.20086815014299053     
  0.37928437948530314      -0.24285739767232783     
 -0.55667913626461618       0.60205627642314896     
  0.41650180143515581      -0.28974001336854149     
 -0.47268137970728419       0.26986279173398664     
 -0.24014379934684849       0.72074320970283035     
  0.38195847494768009      -0.93000152114000723     
  0.77559005588024554      -0.39277935943822673     
 -0.78745846677038411       0.43351428011033177     
  0.53244018714444197      -0.17791298431647462     
  -1.2452539325633546E-003 -0.82056065413634394     
  0.16512238398724421      -0.78309499862932053     
   4.6176652189814600E-002 -0.23905165665115713     
  0.19158015472265855      -0.28547092760554693     
 -0.14558688107941276       0.21179655278934528     
  0.57422349379848647       0.94642799586211979     
   3.5417331156416328E-002  0.54928768198872513     
  0.21193806211041943      -0.94302908051607059     
  0.60762077385549418       -5.8804427535180885E-002
 -0.90107077348035158       -6.7271285059405495E-002
  0.58977295736941837       0.20328535058068553     
 -0.95166810545323965       0.42793857954661485     
  -4.0213830018287260E-002  0.82454747220825442     
  -5.9219613827509392E-002 -0.56002184763487017     
  0.22672794205486357       0.21100634531279194     
 -0.95457203881794017      -0.36838141406208047     
  0.19720708176433743      -0.19915602203475058     
 -0.62214246060569089       0.74426795140062074     
  0.25447107434426841      -0.39735486809691967     
 -0.19440299291244911      -0.16510238928979826     
 -0.89639883913300156      -0.44572181392319377     
 -0.64039849244536562      -0.81566986047893830     
  0.62612498432183616        2.0183419054268910E-002
 -0.47948842757394683       0.77959653445347299     
 -0.83657287906607092      -0.53618087263648095     
 -0.48268897988655990       0.74576234711049150     
  0.72125535250525541      -0.66919770895342334     
  0.72045683948374362       0.44097074085271681     
  0.18243053701330125       0.47056772666929669     
  0.92434785579849454       0.13676986960054216     
  0.62642815039455857       -5.3076336340020999E-003
 -0.59953813687609392       0.64989522093924923     
  0.82263770542130410       0.31790235028193381     
  0.30822252291735364       0.64720528787246812     
 -0.38085467594207190      -0.42228635730545871     
 -0.33126951823496253       0.45754733833663153     
  0.34658082671398271      -0.70080498356388277     
  0.15694861622072520      -0.30827865744153504     
 -0.95771765813267895       0.44696496402335750     
 -0.25198099366034299        2.0739912464124106E-002
  0.17062078626425525      -0.43409621137812104     
  0.91509590136279906      -0.38471898516306768     
  0.16061172247730271       0.40293318758692331     
  0.33396476039808443      -0.26295961741667129     
  0.40261108037270232       0.57418299229871361     
 -0.81229002775988302       0.83235172484048148     
 -0.29368001917827136       0.84729609867170597     
  0.11455253629354334       0.12492450474757089     
 -0.30446305009617891        8.9644012379471061E-002
 -0.40238594491178570       -5.3112516948272896E-002
  0.51146432653106833       0.65213655706789209     
  -5.5573319242261381E-002 -0.25788478331645970     
  0.84022212819428255      -0.23714002626623909     
  0.43327236306442973      -0.29013673194338896     
  0.47413750097222129      -0.76479549730560126     
  0.51758776894581660      -0.71230714707942044     
  0.21834800927773923       0.44502091269447330     
 -0.78789536567717389       0.44089052689241504     
 -0.23532382145956121       0.61862614910317681     
 -0.82136656871666580       0.17993113520432824     
  0.90249589092567528      -0.80512700096346301     
  0.60027948435730760      -0.42678288249960605     
 -0.51356701085428202      -0.60764664012797631     
