0.248825039044515
0.845412306878931
-0.453496764207867
-0.332676267040234
-0.500582411769643
0.969506757016132
0.428523970878583
0.612204855414775
0.145712217053060
0.297159481079781
-0.613252649505793
0.475831889443909
-9.582015353405604E-002
-0.746042610367470
-0.543196611445887
0.252818837123442
-0.551246095254323
0.359380966752704
-0.454538302231884
-0.145946317571905
-1.53926890864119
-0.947290979408577
0.757534020271848
0.789318918004540
-0.261698191290515
8.233466173637194E-002
-0.488377983166629
1.45369023692961
-0.721796450009323
0.349712163665563
0.364530417050371
1.11335563042945
-0.618703954069798
0.171442279054128
-0.378332646510691
0.345548703169282
-0.475706271903138
0.667881936320086
0.240012855582448
3.942684252899217E-002
-0.343448140156032
0.398612338189989
-0.488873843700753
0.302930559972812
0.935497313639739
-0.147416620635619
0.200350439782155
0.845893381244006
6.856368859294490E-002
-0.267584791627110
-0.621761438705828
0.271107981594362
0.486175220271988
0.942726099120320
0.560773150966370
0.281071330496604
-0.531630851755207
0.871740675703601
0.345668167645946
-0.493949689769056
0.680675894082267
-9.503299920158673E-002
0.253046585144922
-0.825911560994796
-0.493673717458855
-0.249204196459779
0.729781537458034
-0.628904139243462
-0.604030965394634
0.196250682209296
0.839655715805819
0.948803790342211
0.131517198612430
0.258319462756232
-0.697546196644857
0.310375525920614
0.627995026135619
0.957424576232715
0.617246818141070
-0.604538072419229
-0.797030107805298
3.011700922248214E-002
-0.472283253386651
-0.966317581881299
7.579440284265390E-002
0.431653904245505
0.543205924539129
-0.504084214835966
-0.291994820603895
0.815041685267603
0.903458362010288
0.379795671698931
-0.249610444970842
-0.228120477459505
0.445044176699944
-0.346044794256709
0.653574126691463
0.581974280876951
0.471159000098944
0.885378060643157
0.773025620719033
-0.328758162293789
0.283210525449781
0.224880150233773
-0.376645137436146
-0.587802629774074
-0.488191185157862
-0.525662562069164
0.343552817345591
-0.310737077212264
-0.173313835849834
-0.204204954712382
-0.322110550062449
-0.601339104046030
6.389485099495493E-002
-0.609078504843484
-0.421203556251852
0.261114946783879
0.522410528118206
-0.861427851463372
0.934464739496586
-0.688576302610795
-0.122221237102898
0.578061050459364
-0.924194947017621
-8.077206583396782E-002
-0.184758933928101
0.752971308433711
0.395237434593579
2.381695913916512E-002
-7.909689957799207E-002
0.171237669339031
-0.306911121967921
0.527835735649818
-0.999442754630293
0.926695022285484
0.463890234801298
-0.873736426232193
-0.178543657485494
0.799325637619326
-0.769287483355698
0.889594131096963
0.189247767607709
0.948787400926894
-0.278929473570084
0.922209375845172
-0.185044229708965
0.783400337612734
0.681873996849771
-0.308718290165557
0.941130629865499
0.740430407788875
-0.212779757480267
5.324815809637914E-002
-0.782757536630326
-9.385536131714708E-002
0.249532933105853
0.720872817349707
0.579481279257641
0.783529720675211
0.536324802720736
-8.856442442907761E-002
0.771032449700756
-0.553080064589066
0.729878293495463
0.186578319469074
-0.878133621238803
-0.707745188794256
-0.706908524881686
-0.339152717290437
-0.441548658190125
-0.775312790474661
-0.712538562851853
-0.589395873167853
-0.872755778912565
0.937688004214073
-0.599282687840530
0.776197708327697
-0.182617563405303
-0.800271924469206
-0.680317071990551
-2.852577443825580E-002
0.641518814862285
0.889233636603158
0.461189908661479
-0.943057166360251
0.874600366043405
0.707083895045392
0.178214278733457
0.105229405321413
-0.494305551864193
0.765331839828381
-0.807046301815162
0.704629588017944
0.378040311115526
0.589459502313312
-4.525563380435518E-002
0.618590311544097
-0.804304545788971
0.105353469600456
-0.297224560283165
-0.487514754369274
-0.565500020885607
-0.551261835072773
0.461097641599037
0.389754037093879
-0.125023237594857
0.648673238888952
0.322453752011325
0.682141422412367
0.303147889692136
0.799760878203284
-0.593769744130981
-0.733024625123986
0.926385486039688
-0.684406755446722
-1.186952494872254E-002
0.265368928587231
0.686382141250409
-0.887840967250279
-0.403504448954890
0.805682088599994
-0.676842238409253
0.966221418418371
9.838819905882543E-002
0.524124979424580
0.259972019293169
-0.724303880377592
-0.826702840625186
-0.247140892192244
-0.623903906326661
-0.103201211663011
0.818137559021678
-0.916451595549649
-1.627799827215717E-002
-0.854421064422367
0.655538873743639
-0.910741236592178
0.802294014239212
-0.889337805715254
0.917701005133140
-0.261658971183473
0.798064407011248
0.647495803101519
-0.450334123338758
-0.640557719476243
-0.688586108506572
0.726580546252124
-0.262725657811239
0.952833794645438
5.955876565281989E-002
-6.763194849561685E-002
0.765553370744006
0.529799116451723
-0.340106170921132
-0.668788460351069
0.311228333379331
-0.154448633480879
0.834556688186394
7.345552021438215E-002
0.918098949971798
-0.588907455925425
0.133686389604277
-0.761117586131669
0.567540589027548
0.648228620817619
0.707355494795933
-0.229340490522767
-0.236597263179145
0.551223204064169
0.892570495670889
-0.974805004236485
0.302149127216392
-0.855753703260357
0.177995823976418
0.136002123277718
0.137140267495495
0.527008959589414
-0.549371388938541
-0.390266455198008
7.858795810117200E-002
0.428452069261309
0.209668048701148
0.278828867698299
-0.571481838032582
-0.771948335386629
0.609836925802816
7.211721893491382E-002
0.137480043786486
0.775798678498196
-0.794214509071889
0.433414584543667
-0.888779826124330
2.274961592895783E-002
0.471075409237951
-0.450649667546721
-0.996616685036762
0.675168053089307
0.634310353635055
0.187520993971864
-0.860964547335162
0.904311258875976
0.282774609656930
0.920916884462317
0.549690058918508
0.262081486428587
0.429258893597407
-0.977863992027210
-0.286304472975377
-0.697765746637287
0.939003452699301
-0.241188013101453
0.821415902158408
-0.112740564770507
-0.615552191645807
-0.761743848433822
-0.310675939608111
0.379289270616875
5.027302566226885E-002
3.031777257519339E-002
-0.521911804606440
0.962789556062365
0.583446733590667
-4.186621275107746E-002
0.691433151738632
1.472203225054444E-002
-0.381906688301855
-0.224709835289202
-0.332742943433648
0.659829783419859
0.468119088589270
-0.913529418119228
0.405302979388624
0.205004193679129
-0.764501897017778
-0.441330614146358
0.572550452751474
0.876490432198012
0.979844379033320
0.335388510851200
0.889150887657805
0.723292950425249
-0.285255311976513
-0.864698663925465
-0.551205986449731
-0.898486780048987
-0.855723413855064
1.917853388105292E-002
-0.828733645458872
7.825414227489466E-002
-0.917823414198582
-0.584325228536335
-0.235796756935643
-0.233216690621999
-0.434206984301839
0.404752246418940
-0.878148248591738
0.981216837500887
0.525762311630786
-0.826971790762897
-0.349083510879472
-2.641256152329388E-002
0.664610643295526
-0.194289227129232
-0.285520810632626
-0.377905469317903
0.405981074450719
-0.925720364979574
0.185284478599755
0.730919888429431
0.565954137769574
-0.670539467932587
0.532210951442797
0.199642332848905
-0.594337335902579
0.169146089185689
-0.126611864422452
-3.854187345321250E-002
0.926357806200352
-0.500176459664012
-0.398033859935066
-0.230585301913204
-0.799788640677012
0.968578971271035
-0.995240060763155
-0.362722768708800
-2.381063986192658E-002
0.926244505216730
-0.570010476828966
3.746749435399507E-002
2.177239587654065E-002
-0.596820360262752
-0.429374327056490
-0.537866174917027
0.567929452539422
-0.436912800588452
0.313164249477424
1.828677199146508E-002
0.200532087738266
-0.196424272108852
0.737937059717554
0.127954613952032
0.884553990074939
0.646887140002755
-0.965512106100342
-0.324693506270157
-0.472231872318176
0.864149276970273
0.811042700526596
-0.757865649716266
-0.656018963777278
-0.264616186833184
0.495783127105592
-0.287811837248507
0.506460724082384
-0.741556269470733
0.335568345522186
0.927849968494495
-0.334410059336970
0.502701416146764
0.944092581290689
0.923717747809368
9.560265596873382E-002
-6.229164778384835E-002
0.375708620160460
-0.104995276151503
-5.551811701014628E-002
0.962321525471902
0.901245846821877
-0.209342621975635
4.761718528692642E-003
-0.734349266694712
-0.262152757500756
0.890414243544083
-0.629617736323506
-0.931965587169431
-0.473328665812004
9.576771706913387E-002
0.918305705454192
-1.891146476169783E-002
-0.362772229390050
0.296760274794242
-0.669417775528742
-0.947553126267163
-0.746566509448993
-0.688944880984869
0.791007094787247
-0.401408783089251
-0.383500976639605
-0.992712362719954
0.937114876660872
0.772568634683420
0.731623589275406
-0.869167256917438
0.145142123386767
0.508705414604376
0.571908552611351
-0.478974808212768
-0.489963100932008
-0.988279424482839
0.676120755142654
0.738099392042703
0.242197808278172
5.964158351604562E-002
-0.979601310097662
-0.564301460838701
0.235561815227733
0.649574701434861
-0.356152627617573
-0.569208858586266
-0.780719608109986
0.770096924030332
0.342953386447875
0.892223444818980
0.578185213458604
0.190406605813913
-1.00125029628830
-0.271450701542808
-0.213153100500820
0.780460001254034
-0.144957435340333
0.268194044506407
-0.728831067531667
-0.681462547579926
-0.224179294325057
4.871109799130044E-002
-0.311652640913833
0.624816664206522
0.480203868397198
-0.514641838833948
0.690797950602054
0.925796670357097
0.308103744155176
0.532485449469304
-0.497782550770563
0.940809621587775
0.884460556996587
0.786372871656758
-0.782259598476841
0.333675132428475
0.311057189810956
0.335889382670911
0.434241116597547
-0.808134924815719
-0.342380805327728
0.477387825422903
-0.872077144614679
0.532171250091192
-4.489807463080504E-003
0.465938916372511
0.937387953489074
0.549976389398794
0.250745001055917
0.615580786297267
-0.603147375860961
0.607107624353909
-0.211103327419507
0.423792649197566
0.890870282424600
-0.384412463010781
0.477028552824363
0.798766440789748
8.721082084109985E-002
0.614451194415031
0.466646267071800
0.341310014614533
-0.462890230619194
0.733928722634883
0.575611594691399
-0.208939186058859
0.184586344269029
0.658935248051534
0.732548828487586
0.412209028056714
0.401789883349155
-0.787130325396580
0.979377777091743
0.517961979982800
0.841937730944112
0.442249949026501
-3.267830168160404E-002
0.959188661446344
0.174216174092318
0.715415730645104
0.768693963815916
-0.698880495099741
0.788321271203135
0.303531966205787
0.195401845910193
0.726592195235348
-0.433303256779339
-0.974569403830168
-0.830052672085573
-0.831091121943082
0.179275331790746
-0.633739537371256
0.674306580605012
0.571109685495645
-3.565635846871432E-002
-0.719829417259198
-0.773391312671014
-6.907532159211202E-002
-0.774287227328127
-0.598837574305567
-0.188981965087106
-0.678139691878981
0.471760844053547
-1.128192371081718E-002
0.948975190955627
-0.740940841244519
0.959807950004782
0.188886055875250
-0.517034449463676
2.532666941395342E-002
-0.506062517288752
-0.996855571149252
-0.184387706872520
2.256482010242053E-002
0.680912479827906
-0.370814208522069
-0.717376753084837
-0.291782427825735
0.237455033909379
-0.366277793823560
-0.793203029385886
-6.475121771537387E-002
0.434545136619515
0.292456504484080
-0.144663047056812
0.960637416656211
9.326733564945075E-002
0.683104455627443
-0.514889058421165
0.757486382805900
0.551479527329913
-0.687050752401031
2.659611615010990E-002
-0.213889375286454
-0.760849366150886
-7.312534001826007E-002
0.219341870823902
-0.411911900500073
-0.370508336099427
0.479975714846483
0.715056082723552
0.481026946175512
0.449127566277907
-0.676899853751289
-0.364817054354329
0.243728974363283
-0.920067000171957
-0.752369679361311
-4.549977816430903E-002
0.513995969650175
-0.920029976372860
-0.337684712573513
-0.169417126164052
-0.738487242022256
0.679310214711989
-0.731989823257146
-0.695819931511158
4.624910196437190E-002
0.837684506306043
-0.458042643341060
-0.784236706042717
-0.918727562678903
-0.588661776745807
-0.405179999847104
0.258323796200343
-0.900013887430158
-0.458373163216615
-0.784565763741772
0.625983858239197
0.922357002586285
-0.654814436746400
5.442473986097726E-002
-0.683335404755318
-0.436839807247455
8.415087794551848E-004
0.267157114567400
-5.413648128956586E-002
-0.733592927494736
-0.755141673570051
-0.837929500710221
-0.579585608557227
-0.505293608958812
-0.945686174608451
0.285967135140302
-0.631951212624018
-0.777058091842539
0.903350775622210
-0.913559828596460
-0.372623438667967
0.570598176109066
0.657377048464979
-0.800315571834715
6.883215723686539E-002
-0.899240334594354
0.742845856311682
0.270652466117152
0.408241046114120
0.715808522475754
-0.323073941836731
-0.335930585061246
-0.353256646429567
-0.471996116380984
0.650681649139122
0.777681699197246
8.618962280364592E-002
0.737994301599223
7.016381632346844E-002
-0.501177220758079
0.612264278491242
0.275164294830041
0.175575052944887
-0.764897912155985
-0.960875880626238
0.356666424585806
0.703760605348110
0.481655438063997
-0.758478796202081
0.706465481930209
0.943003312883562
-0.963876626294809
-0.488905499356317
-0.188015508330109
0.100829146263412
0.327317365488957
0.684279791282387
0.489606521040458
0.183057035241205
0.952914623203566
0.719925037336361
-0.627531924782419
-0.626392780324157
0.169490362833571
3.649054997307086E-002
-0.696393705402250
9.983872285033155E-002
0.507337894940618
-0.741985210588546
0.740383025819694
-1.00238990640786
0.174574422235985
-0.842784615869023
0.270403805773855
0.488423713384202
0.932225588481487
-0.347125047460956
-0.686950651984104
0.254488328426847
-0.293163603472945
-0.881971465747604
-0.360469216652160
-0.789798859907733
-0.871909805499171
2.587267499006227E-002
-0.883636680821476
0.476891064461199
0.660499445355707
0.202937306613508
0.940039515576956
0.241914479450663
-0.628185422683022
-0.759742895283803
0.687467086457973
-0.553210919141269
-0.692799628067745
-0.286142805614573
0.902103314618942
-0.702160349773069
0.865051805880573
0.622608927634431
-0.268683053816696
-0.636973461076031
-0.469313992941607
-0.995041557730421
0.608019678831878
0.667881192193319
0.462655502184162
-0.242763163690859
0.136305660874574
-0.800390397087289
0.439042343567404
-0.958511522599252
0.719089668893543
-0.416423745045446
-0.226199577075878
0.451150217382129
-0.306117250466703
0.517402927508227
-8.130047313801000E-002
-0.708600592780415
0.794156119122760
0.726890765157394
-3.339600403171974E-002
-0.777137249607902
-0.817216085824819
-0.801331122331853
0.326552510275022
-0.830264708167173
-0.389572288301607
0.905513618719137
-0.921180511837983
0.492689856398215
-0.879075286187881
-0.334742192263289
-0.539954791601819
-0.682277287226900
-0.123732958103204
2.931491600525002E-002
-0.673407511304894
0.771599083141386
-0.164971653255909
0.626022202653757
0.942447569398228
-0.343724187903364
0.230173548607505
-0.784970980347381
-0.234489176263837
0.383122126961769
0.289454616082665
-0.840311315448237
0.734930781992671
0.736374160677102
-0.168414121513814
0.455598372499393
-8.577553416552028E-002
0.100705855913459
0.303392795873986
0.442477781270914
-0.726504956130366
-0.817317686602473
0.562722459483615
0.151817659463966
0.823887120141835
0.729318679433355
-0.203625241776996
-0.477634970250991
-0.342753719939880
-0.137339133490727
-0.877010946289602
-0.660909635902064
-0.851855844322472
-1.00504684595250
0.347056609472171
0.510460105566823
-0.966908035760363
0.949944514323622
0.413181411750809
-0.982867476191246
-1.00271906375844
-0.306090018593543
-0.397113935781029
0.141811491142016
0.446444033747418
-4.225986841698568E-004
0.586538532808317
0.915123648968295
0.384982026645667
-0.681895400252708
0.177933427224094
-0.954626609045666
-0.780478515694230
0.690994365609492
0.544485816989696
-0.787156194744759
-5.049092975432465E-002
-0.830889941357840
0.573362487837583
-0.729333137963579
0.192641672979361
0.541476215374412
-0.860917851750745
-0.318747507790819
-0.512395988815304
-0.604584595708963
5.526407573812006E-002
-0.148199684137931
-0.834689043777327
-0.877388811812757
0.286000191505074
0.208935158341884
0.231600684094269
-0.314480761279754
-0.514592272913242
0.378617298069628
0.907188965651699
-0.129282269960732
-0.652230277269879
0.842412689643481
0.575695846791446
-0.637475179467996
-0.293218026241069
0.819447390700236
-0.460989866830472
-0.480627500722807
0.582800568924307
-0.832802414203157
-0.718997259085422
-0.437626526191017
0.344276366539062
-0.697385364680436
-0.796440294676191
-0.823830474053317
0.507860079146970
3.820825345800313E-002
0.959426575258027
0.296020501960880
-0.930113865429384
0.643163439324540
-0.108041143469278
0.660394360500163
-3.952678716172306E-002
-0.660360211440648
0.221188672386592
6.204236557036666E-002
0.502682782243953
-0.224316017141035
3.624756417844574E-002
-0.751693045544394
0.413370773852111
0.608801772827351
-5.427524835867611E-002
-0.847665614345844
4.398024010393880E-003
0.692569952057881
-5.632765615165722E-002
-0.784048505300712
-8.140099171878959E-002
-0.171460787906389
-0.946618956602461
0.252343251240056
-0.461935183495511
0.837107276276739
-0.178892156544063
-0.203159898983590
-0.621175459831912
-0.886902785447767
-0.447202245583846
0.843294214434924
-0.528259770306795
0.737675300321727
2.664305015311527E-002
0.359331556044137
-0.744854660257997
-0.957792518260125
-0.171872492105309
-0.848070854234518
0.984572535362403
-0.441918543209822
0.140407302513076
-0.602855191086740
0.119503033547549
-0.787746925226639
0.104501667970159
-0.890793961214592
0.750457127606893
0.929983052108695
-0.567464052682017
0.265885769795761
-0.474817608523879
-0.343994968090007
0.558710529358309
0.637376436241434
-0.430928915905280
-3.319927495994441E-003
0.889884754974488
0.779322693363962
0.171483541302430
0.258467263654673
-0.827154671790145
0.157613140376804
0.117557401891974
0.502172413727573
0.515952997900547
0.512804978462132
-0.884741686718091
0.468983699630766
0.526381506125641
-0.697164508042382
-0.587612042983538
-0.292571854124128
-0.260594865250663
-0.490924074992791
0.420136581167396
-0.796194575449701
-0.949954892729484
-0.868651368451939
0.412865846122426
0.874061913493676
0.586235865066781
-4.190840352802258E-002
-0.173580573165020
-0.938588971043033
0.301844740253315
0.340019412885256
0.712701843516740
0.324143422685652
-0.564561267251012
0.749633672642921
2.742990972639156E-002
-0.210456198834244
-1.208215893943951E-002
0.888284943893653
-0.384916365354270
-7.295514639894810E-002
-0.263759677367085
0.189425575720692
-0.801462744293888
0.526962825592532
0.656428973222365
0.350024375144425
-0.880179256453753
0.103016644263833
0.313766914858570
0.704630187789706
-0.713326189834961
-0.780011663226871
-0.522238057161790
-0.369241876114885
0.950729470273480
-0.876540330347570
0.729304610873986
0.810073659349353
-0.168018398810906
0.339489816282239
0.922124230606740
-0.536711075039785
0.600258631302966
-2.898515676694843E-002
-0.354846900277764
0.965474338427798
0.467253258446476
-0.945221572216521
0.970714536859994
-0.468808034237791
0.483106900628695
3.450783211978412E-002
-0.560113420401531
