0.254169622033631
-0.455646051314626
0.663608303508577
-0.126244733207505
-0.211489374395336
-0.452371834980114
4.900765552185276E-002
0.291695107521303
0.445771424090082
0.187233464808677
0.598169282914253
0.452509118513093
-0.289737370846572
-7.339517773909815E-004
-0.105116511084192
-0.366537177203572
0.115718517308045
0.472521179234609
-0.223024082185386
-0.465990655320183
0.575755923294269
0.334634469362870
-0.265770881940952
-0.237286604871938
-0.520262959562135
-5.248847942788762E-002
8.115878694472498E-002
0.334503828736812
0.125797629589133
-0.599890854769574
-0.174228683931618
0.418434232447949
0.910666103038292
-0.989897948915754
8.146148108887737E-002
-0.991378031955626
-0.103384498102442
-0.567238475456493
-0.934231215973221
0.594223333599503
0.758711515062710
0.466920756429556
0.317455307878414
0.845745469231327
-2.324007745804572E-002
-0.390913333544336
-0.687727545760962
4.598623214514448E-002
0.104596952231014
-4.896182217903182E-002
0.180428373158169
-6.958267756669188E-002
0.296481583666491
0.753381278223081
0.930404785433972
-0.410196625260036
-0.458181755286384
-0.584902203670090
7.104481276814308E-002
-0.680805958906423
0.708496279957789
0.190593314290247
-0.644995499015141
0.388310548226533
-0.435753733563733
-0.715523703565594
0.899706266881446
0.319147059127455
0.895251263749019
0.448139871353231
-0.318941507234251
0.521771450530072
-0.661079607222119
0.593453865544673
0.172679135731294
-0.271289554146869
6.451398094170165E-002
0.832887560339383
-0.917037477852861
0.237473858446477
-0.697677658706251
-0.606807673313957
-0.886223900910945
0.585548714468087
0.856964140431000
5.576557591374671E-002
-0.938941340033901
0.204642185499233
-0.581440606045746
-0.617982492257147
0.706544888071861
-0.548035121954504
0.786921051584317
6.109044460984299E-002
0.780604649338588
-0.717520165877981
0.211101103387584
-0.923487474601917
0.178455955732966
-0.608995846523272
-6.804824253921403E-002
0.736338867919892
-1.758526164980005E-002
9.440426327305014E-002
0.715974989586450
-0.761255269428107
0.348954397867025
0.672637561722747
-0.708213743074874
0.203218562030036
0.565295331043238
6.408203723978852E-002
0.510629582712200
0.497626190052472
-0.116686072322687
0.479992578949484
-0.620333041563772
-0.365595116009742
-0.171409716323868
0.342135899112350
0.598995537762818
-0.624489919015039
0.759025778702082
0.842219004987093
-0.562581352965633
-0.423195512180969
0.113707068991429
0.749107652963208
-0.430898514096798
0.114482145471024
0.244383510401751
0.262691380448996
8.852960410575191E-002
0.303839817402131
-0.170757182342168
-0.890364127245241
-0.349615497543158
0.632934407077461
-0.915687766940080
-0.418866669734784
-0.223755764478463
-0.208786918824020
0.452650465132337
-0.566385772305908
-0.409607562776954
-7.758709086985437E-002
-0.604275266503634
-0.902696325012103
-0.378494363518441
-0.485325760951586
0.862597345829369
-7.692884508657798E-002
0.453766166337823
0.106878877962336
-0.824965234131571
0.306905112109582
-0.869267985332652
0.443345151534461
-0.521310462921572
-0.856250165554350
-0.938799201576937
-0.285508208261894
-0.423501235591994
-0.938232483385949
0.518543133387419
0.822445465980033
0.460311160787217
6.748980534851241E-002
-0.957052725224512
-0.799177174584035
-0.138657378093282
-0.209885655056816
-0.897010135739044
0.705895614650624
-5.107779832818192E-002
-0.222388502791068
0.812322993159039
9.777911285274850E-002
0.457353313700775
0.916904716562897
-0.211154908077869
-0.280537535524782
-0.519812519907980
-1.396200835088776E-003
0.252948528694279
-0.743805476262915
-0.619891310592535
-0.573107189991562
0.668749161297304
0.364697165161026
0.263275026359770
0.839010362965929
0.620234030473926
-3.624010804314585E-002
9.087613289266412E-002
0.318530059759996
0.591349301822804
-0.559028188633450
0.391299051659376
-0.327072594382413
-0.596049777701603
0.706263048429208
-0.652121248549923
-0.303648026731834
-0.376108565513616
-0.218891183356638
-0.338935621619935
0.499463051608930
0.732122089660901
0.950146015928317
0.675552107895690
0.667564340121563
0.258925166756212
-0.639750255608358
-0.303875073871287
-0.991396487044495
0.917770351127943
0.742442927678882
0.227453421330797
-0.369289519141245
-0.777562584000088
-0.519016824877089
-0.470288587882429
0.127706642500620
0.157429166621286
0.674999796334179
0.125314863541984
0.753876611467222
0.900703770209018
0.904621703805794
0.238151417066748
-0.109697177851694
0.168127781686774
-0.844855668096211
0.185322104677734
-7.845715946185315E-002
-0.786720794260159
0.374295274480757
-0.394186964188651
-0.827065294908614
-0.865054652967323
0.596808605075222
-0.118313222378783
-0.383537662655441
-0.329676794058888
-0.413019830105213
0.683858575198788
0.119229981578210
-0.745492433063152
8.457706484433739E-003
-0.746147771257235
-0.427265375229323
0.422326693103540
-0.510635466197511
0.371750769789710
-0.359609979628979
5.352547867487441E-002
0.634868770660759
0.909082022927687
0.444977580327118
6.607124175506436E-002
0.345019240389873
0.442504138345295
-0.331936149186721
-3.566509269901212E-002
-0.844041601795485
-0.400867480979177
-0.231937618022178
-0.111735279598040
0.480336147586149
-0.302728067187539
0.784299843162989
0.320405481797859
-0.701364807765933
-0.252596080216889
1.502089990897866E-002
0.930012388484110
0.676746402485036
0.898139688185356
-0.497742307676046
-0.564899431709409
0.905237368587950
0.120984356822292
0.548986464887786
0.100411860361233
0.849965400948681
-0.468814665541632
0.430380296073073
-3.115024184424912E-002
0.539127161485053
9.086545900421390E-002
-0.821098749589822
0.223408659289468
0.225458404431102
-0.594730242572757
-0.250805817387297
0.676846336195216
-0.817963125124044
-0.203521400523986
0.270619171046944
-0.363869459961030
9.212309098172118E-002
-0.168934326946464
-0.788916545641563
0.656715866865984
-5.472397387565192E-004
-0.726854451059655
-0.270941504917120
0.503864165621089
-3.095848810648137E-002
0.528017930005454
0.740716629017568
0.946959901669802
0.472992654824804
0.417477177987601
-5.898575734244153E-002
0.130255169574026
0.190458620826240
0.297045395199609
0.170685333276285
0.102195298458729
0.328473237145796
0.921621037644234
8.106883640720071E-002
-0.312887065550033
5.105822719444948E-002
0.645268300782797
-0.309546985037388
0.373209728570108
0.440522554842948
0.872823207567432
-0.317182427879658
0.666284907744366
-0.556259034027353
-0.620477210304029
0.753742607181947
-0.250592619015077
-0.120556387394337
0.149318312456857
-0.746667746366353
-0.290187161886090
0.675834003417700
-0.904105174910713
0.815708767152970
-0.968457593891253
-0.962412446806698
-0.121062605005838
0.122422974585533
0.218983578621225
0.458891908015036
0.139851169448043
0.623901751212611
0.112959228110283
0.436076247469745
-0.994893192737325
-0.747062586175425
-0.980099093007119
0.252007938491494
-0.931541395152460
0.783315637259663
0.724854473615357
0.371497566454714
-0.852261091017252
0.241115707974338
0.149029844591178
0.247488773750395
0.259152336830249
-0.771996400302132
-0.114973531158990
-0.517409277299320
0.966256788832984
0.264079012024549
-0.393596744071563
-0.428207732151102
0.891376894630041
-0.911718024797751
0.634057992860175
0.800654888018808
0.401142242249608
-0.808865666900565
0.201124832384107
0.505123090274381
-1.00265357530189
0.339574069026762
0.896320445390062
-0.406955472629151
-0.659896025636773
-0.676237170502616
5.946828085500928E-002
5.702201393566604E-002
0.177300123836151
0.880108181603808
-0.850064836721638
0.370862615843918
-0.630123309746607
0.954463153511921
-2.730994143772163E-002
0.353400691270389
-0.884126898597359
-0.956058651026795
-0.438235466179444
0.593827905194540
-0.678936975101773
5.296197820350908E-002
-0.336180521603368
0.591568657168808
0.335269709189387
0.866361395128404
0.612577983981523
-0.211870482355817
0.847635262508408
0.614991139588060
0.781095241219314
-0.202544172089665
0.517434488813360
-8.491530248979128E-002
-0.113393672733783
-0.894283292050509
-0.531392517272551
-0.466361548744482
0.101903552337457
0.311633988351043
-0.366188616245068
-0.712130481784738
-0.693687164833493
0.955286040369100
-0.245032021390144
0.618823448315258
-0.778405802561198
0.576662634812445
0.538028828514949
-0.881483356128485
-0.305785063810520
-0.801265898370928
0.862968948207962
-0.645788205431772
0.848116529055825
-0.222005252360574
0.309735347509153
0.354168642200685
-1.358317467317431E-002
-0.116074213856043
0.604251171004654
6.540662758777067E-002
-0.473274085937205
0.680148808038163
-1.01225236355581
-0.470246586163974
0.733739944186012
0.259093814379989
0.783388206848872
-0.365938653912760
-0.928908976400857
-0.912628267853241
-0.905359622696212
-0.342783149089928
-0.441070926298866
0.743031411810623
0.641345390197986
0.572473826965444
-6.255885993945484E-003
0.567766960671260
0.581427816803270
-0.262795471903688
4.593714161992904E-003
-0.867525334508926
-0.627315669164913
-0.460685385159336
-0.325575985954123
-1.320002203155383E-002
0.181215859511563
-0.910967022076339
0.652909901530174
-0.572637041573481
0.443680767607346
-0.925613022884868
0.103048689856724
-0.696214516424681
0.510189309260849
0.301672253430886
-0.904477029677734
0.226780046211697
-0.562780582430003
-0.968189865648809
0.352354865337797
0.338106697609214
2.000325050031600E-002
-0.963355952049257
-0.890644973166668
-0.233463268814784
-0.642355696737874
0.830075265938600
0.177095380941921
0.302829079048927
0.129683459493841
-0.426863630594409
-0.164375674126638
0.384568144727634
0.458692402879173
-0.434604658412465
-0.481719906111336
0.103294551575573
0.242099880350050
-0.232794090235371
-1.02440806823721
-0.980843555049830
-4.411303442605195E-002
-0.516012031680448
-0.197243485185176
-0.639432226631668
-0.958470281126895
-0.853071669514798
-0.118295996635761
0.314608604832427
0.651331337643397
0.131772207495122
0.404593879378623
-0.845105626703228
0.472024426692200
-0.839278707132994
-0.175783954228105
-2.290641157470867E-002
0.723315313056949
0.133753407292552
8.134055071042230E-002
-0.376321080295038
0.653695107074492
-0.829904572519420
0.268578764277135
-0.643017133232417
0.877910944762838
1.820966471164560E-002
-0.286354746056792
0.214092047816991
0.849457947472074
-0.305897012513711
0.906906634915182
-0.448791678292347
0.836258957506161
-0.681923138120893
0.162377050825417
0.744397821337828
-0.725403467194779
-0.416183055247906
0.923199234589902
0.205429142861383
-0.699915746150927
-4.157795471983304E-002
-0.140932322630308
0.533179195121037
0.859011282525936
-0.651655863846999
-0.332290440140611
-7.907564801416815E-002
0.464818001336198
0.431235552910259
-0.230630369832544
-0.449401583775474
0.873014385747825
0.963985087161292
0.222886592429764
-0.256006049040944
-0.423131120535612
-0.552451772290467
-0.498580275440273
-0.323143239045131
-0.486904715993860
0.390852619371596
-0.803910276236185
-0.120899187689848
-0.132925934923209
0.591057140331648
0.325621224629601
-0.819254050022266
0.476476729920376
-0.106896834182660
0.773126841230215
-0.914162320107125
0.911950799250889
-0.289398792638861
8.190438273263730E-002
-1.02244883927151
0.437299868476804
0.676527156103778
-0.800107292995377
0.442972102811852
-3.065372488906908E-002
-0.837447027455547
-0.885341336763468
0.857305080875255
0.860924002171744
0.864815863392011
0.974363513512953
0.389008966610655
7.433350289908587E-002
0.921862829483271
-0.554472339094685
0.586792723058434
0.177852350647305
-0.976360383133696
-0.483444548881047
-0.937471056370547
-0.401383912405758
0.667436859751181
0.258117963371810
0.593304576392698
0.893756081175647
0.150257897762545
0.709279555801656
0.670646391185439
0.660824374214778
0.471408342814868
-0.119762569909830
-0.333495486849507
0.350290580387552
-4.149495431737553E-002
-7.441427082066007E-003
-0.145543851291401
-0.219430516937558
6.365840466086010E-002
-4.244154410042382E-002
-0.477566946734296
0.630198718618084
-0.877124972129063
-0.302312841657824
0.419746465671085
0.104483856138367
-0.981061082209548
3.150330778853090E-002
0.490131349916180
0.155353267146753
-0.607995086360527
0.135785924828520
-1.01662421168622
0.212221672616359
-0.228564441097889
-0.818285326426033
-0.608805450653872
-0.384395656649782
-0.178794621276456
-0.991775969343704
0.375437722340322
-0.754223952280838
0.931987027113742
0.172374984392837
7.292232469394673E-002
0.664089000832086
0.707474845364391
0.379763311676625
0.462309725094738
-3.925070617362385E-002
0.628896089788603
-0.107622301900711
-0.200457849252464
0.594164532683782
-0.810695888126803
9.613411772409437E-002
-0.809477049461354
-0.341338254212285
-0.274644091580411
-0.307141609699947
-0.823487150641346
0.899115935005644
-0.566153344915729
-0.575321498907323
-7.821997394445228E-002
0.534120291963323
0.522591425141445
5.247899243455119E-002
-0.635970186629083
0.732258620624421
-0.389501522971144
0.615017415924220
0.539266806791386
0.406044520516779
0.593674975502477
0.823502481753802
0.752226216530067
-0.759594264863762
4.678461683573772E-002
0.805595427812826
-4.881028760824084E-002
-0.727507229979202
-0.346902048136421
-1.877647542394704E-002
4.394300533046720E-002
0.279621231101362
0.187798926429314
0.449859554830035
0.815571009637570
-0.900388245879205
0.235670521710065
-0.352885947720755
-0.221959437807347
-0.786423763814390
-0.956568728039198
7.791382408825556E-003
-0.933106563826117
0.431206707055014
-0.453669023190562
-0.883566031906339
-0.358127438828736
0.781446374989552
0.832564044941189
-7.181032115960355E-002
0.911057991486008
-1.931658107131211E-002
0.502904116363659
2.217771091549899E-002
-0.102728946635481
-6.898985440290405E-002
-0.607655588534997
0.551814972683913
0.467830188303052
0.122818197168198
0.871099401125426
-0.488440381298508
0.152933704971971
-0.787686730407816
0.913866072583297
-0.891423697636933
0.771680896751989
-4.237203856260656E-002
-0.983574460236274
0.326782632354890
-0.512905598590604
0.575689374743772
0.138633488416600
-0.476815876957657
0.870543179871592
-0.480072753108191
0.332294325298172
0.935721044052525
0.906183146257682
-0.488335671765977
0.256171782235895
0.154159814473048
-0.681063776944959
0.410128380412660
-0.391451396801214
-0.470507488742999
-0.809314366958904
-0.933225081147685
-0.591833935421836
-0.845139698209646
-0.849219032808959
0.401957936502259
0.423421857714120
0.837041342074289
-0.757020103135475
-0.340037148095274
0.149532586506693
0.900348813359461
-0.788860712851005
-0.892869594617706
0.961115378584156
1.711533177215747E-002
-0.729355611065041
0.461346578258303
0.164374304762024
0.379499883350678
-0.781861852296746
0.720280908457876
7.678383597295065E-002
0.514411464045277
-0.795954520814182
-0.188995165009325
0.316079667081484
0.699685242552889
-0.874341612059173
0.155302188758126
-0.289526187327562
0.339536389576547
-0.502404739637114
-0.158678592104316
0.437680598748312
0.856664554435985
-0.517818463201899
0.953893456951221
-0.495913836404995
-0.120360064587837
-0.120493657228518
0.235127395783471
0.750424345695444
0.343420177161094
-0.769898883898464
0.916887906189760
0.813964766842780
8.401702195287060E-002
0.441257795860484
0.446738767264780
-0.503166103322579
-0.468789538457575
0.413921066950676
-0.156670759274165
-0.450181732238012
0.914437559146056
0.312053714962939
0.161556788435358
0.946943537400196
-0.183673794360958
-3.620081088555453E-002
-0.676513794738645
-0.435464996545819
0.333800000152084
-0.500820427627179
-0.875908343492171
-8.543393556302607E-002
-6.988706173580127E-002
-0.345461868545160
-1.01690919174872
-0.631169919852838
0.875826004939716
0.546375929423585
-1.01259609610525
0.793917828769894
0.664241998510699
-0.161850364925936
-0.332729873538966
0.381530096794505
-0.753744197270020
-0.251690509606941
-6.195990257458366E-002
0.724201367801574
0.516163708423224
0.212815002419648
0.741575583205522
-0.451089753157751
-0.911322095341223
0.524511846825250
-0.301160056117272
-1.01521704468757
0.469964487293260
0.629626554983787
-6.136467939242594E-002
-0.945790195249097
-9.535360264082242E-002
-0.533320020733494
0.398554869710078
-0.552550065941528
-0.136070484253574
8.958956658426338E-002
7.267747346013094E-002
0.676691554102478
-0.211938430722228
-0.311410283117496
0.829179346624874
0.107650294344069
0.514012301036643
0.678821353873150
-0.651607064404803
0.841659014670650
0.547784272682695
0.783322587720312
0.448369618396934
-0.157085836723584
-0.562121699622060
-0.536405160063149
6.194714779104445E-002
-0.123349697715008
0.624925153690686
-0.571585288703789
0.184897384313995
-0.896139505559510
9.462835160056567E-002
-0.366176319061306
0.694717185900993
0.919376192522688
-0.585099185852999
0.199468363360879
-0.954597562311584
0.850820861745518
0.373693086868110
-0.768581983481285
0.558394319899154
-0.930519775225863
0.403545495102818
-0.150627065984206
-0.438711212777743
8.189161895624704E-002
0.313185323158629
0.221611266253961
-0.354057357850891
0.809276581948859
-0.680705613551649
-0.218998510837030
-0.534791046660969
-0.910040625230153
-0.141225498331788
0.865882635701457
-0.553407374482427
-0.426464913689306
-0.584049348713920
-0.841787259045948
-0.839657735878091
0.237582199205871
0.475578911639846
0.885199102059901
-0.815000952975395
-0.142534326975894
-0.512324787625859
0.157769119863573
0.481132050301983
0.713409309413185
3.534909927317571E-002
-0.492210324938351
0.384994096299865
-0.581186924942250
0.415848073085344
0.950905067139737
0.153403980981250
-0.942951538830472
0.372963752298577
-0.189118871660486
0.401843259955140
-0.710223571729381
0.341377600409600
-0.225031902767583
-0.663269932717989
-0.982584351610237
-0.158283709454404
-0.823038834287923
0.782469702961818
0.495408778901093
0.111349070035233
0.305502313013978
0.795661589730173
3.488221886613792E-002
0.953957182700912
-0.713275454459903
-0.268469616381412
-0.355876919158519
-0.851386513892491
0.141430880724277
0.448454555950423
0.247897209006949
-0.189228298342044
0.456167335822350
-0.702061476194869
0.295746333335730
0.557653273016459
0.966936520228908
0.815738765054285
0.240120943666566
0.278315129369863
-0.453619338991885
0.784063962428567
0.610825330752949
0.121645606120991
-0.103798752262673
-0.730725306298420
-8.269521657987176E-002
-0.248083486888136
-0.304081820971776
-0.706925538570000
-0.182562757219110
-0.287908994972828
-0.394188721594419
0.787610256393845
0.159520817555147
0.416321156100974
0.396414559963735
-0.707606527251448
0.911547104426427
0.516506408135892
-0.244450972006811
0.327313885780833
-0.380704175077310
-5.182093509881712E-002
0.614147025094598
-7.724755858538777E-002
0.195048175861637
0.870675663307043
0.610868387659923
0.929931511497206
0.864476311549769
0.414985013627319
-0.752686038763407
0.104054536903573
-0.864151019508407
-0.171340771442263
8.363113867335321E-002
-0.131147444011426
-0.444143850401149
-8.572285418884933E-002
0.212804758802244
-0.797417191846509
2.837589013760473E-002
0.651511837278727
-0.730858378329761
-0.478666165392204
-0.591614718842902
0.122845917054407
0.857935749264683
0.406161595219622
0.661308584672970
-0.707216924269421
-0.106396176567150
-0.264680278879508
-0.553877564810026
