-0.999999215826361
-0.294967677477866
0.926111063789312
-0.329289912707007
0.591727353305006
-0.309914613767874
-0.820163286623489
0.401957804880295
-0.399648364153744
0.816378754746256
-0.919373238061893
0.117641946766321
-0.848718451867378
-0.816355646769624
0.704584170547150
0.989149006585431
-0.960669955544614
0.989486636177802
-0.564052472330845
7.803678868018205E-002
0.678452878570411
0.978765892887065
0.534135825187684
0.419010145876490
-0.122597287139284
0.462224321574467
0.444148386247738
-0.383496925978568
0.504591839336930
0.273447886222538
-1.043177111386551E-002
-0.754970079833855
-0.611685825043030
0.178460408080895
-0.371314517483924
0.352566832196049
-0.468688142876371
0.674900065346853
0.247030984609215
4.644497155575933E-002
-0.336430011129265
0.405630467216756
-0.481855714673986
0.309948688999579
0.942515442666507
-0.140398491608852
0.207368568808922
0.852911510270774
7.558181761971206E-002
-0.260566662600343
-0.614743309679061
0.278126110621129
0.493193349298755
0.949744228147087
0.567791279993137
0.288089459523372
-0.524612722728440
0.878758804730368
0.352686296672714
-0.486931560742289
0.687694023109034
-8.801487017481957E-002
0.260064714171689
-0.818893431968029
-0.486655588432088
-0.242186067433012
0.736799666484801
-0.621886010216695
-0.597012836367866
0.203268811236063
0.846673844832587
0.955821919368978
0.138535327639197
0.265337591782999
-0.690528067618090
0.317393654947381
0.635013155162386
0.964442705259482
0.624264947167837
-0.597519943392462
-0.790011978778531
3.713513824924930E-002
-0.465265124359884
-0.959299452854532
8.281253186942106E-002
0.438672033272272
0.550224053565896
-0.497066085809199
-0.284976691577128
0.822059814294370
0.910476491037055
0.386813800725698
-0.242592315944075
-0.221102348432738
0.452062305726711
-0.339026665229941
0.660592255718230
0.588992409903718
0.478177129125711
0.892396189669924
0.780043749745801
-0.321740033267022
0.290228654476549
0.231898279260541
-0.369627008409378
-0.580784500747306
-0.481173056131095
-0.518644433042397
0.350570946372358
-0.303718948185497
-0.166295706823067
-0.197186825685614
-0.315092421035682
-0.594320975019263
7.091298002172208E-002
-0.602060375816717
-0.414185427225085
0.268133075810646
0.529428657144974
-0.854409722436605
0.941482868523353
-0.681558173584028
-0.115203108076131
0.585079179486131
-0.917176817990853
-7.375393680720066E-002
-0.177740804901334
0.759989437460478
0.402255563620346
3.083508816593228E-002
-7.207877055122491E-002
0.178255798365799
-0.299892992941154
0.534853864676585
-0.992424625603526
0.933713151312251
0.470908363828065
-0.866718297205426
-0.171525528458726
0.806343766646093
-0.762269354328931
0.896612260123731
0.196265896634476
0.955805529953661
-0.271911344543317
0.929227504871939
-0.178026100682198
0.790418466639501
0.688892125876538
-0.301700161138790
0.948148758892266
0.747448536815642
-0.205761628453500
6.026628712314630E-002
-0.775739407603559
-8.683723229037993E-002
0.256551062132621
0.727890946376474
0.586499408284408
0.790547849701978
0.543342931747503
-8.154629540231045E-002
0.778050578727523
-0.546061935562299
0.736896422522230
0.193596448495841
-0.871115492212035
-0.700727059767489
-0.699890395854919
-0.332134588263669
-0.434530529163358
-0.768294661447893
-0.705520433825086
-0.582377744141086
-0.865737649885798
0.944706133240840
-0.592264558813762
0.783215837354464
-0.175599434378536
-0.793253795442439
-0.673298942963784
-2.150764541148864E-002
0.648536943889052
0.896251765629925
0.468208037688246
-0.936039037333484
0.881618495070172
0.714102024072159
0.185232407760224
0.112247534348180
-0.487287422837426
0.772349968855148
-0.800028172788394
0.711647717044711
0.385058440142293
0.596477631340079
-3.823750477758803E-002
0.625608440570864
-0.797286416762204
0.112371598627223
-0.290206431256397
-0.480496625342507
-0.558481891858840
-0.544243706046006
0.468115770625805
0.396772166120646
-0.118005108568090
0.655691367915719
0.329471881038092
0.689159551439134
0.310166018718903
0.806779007230051
-0.586751615104214
-0.726006496097219
0.933403615066455
-0.677388626419955
-4.851395921955381E-003
0.272387057613998
0.693400270277176
-0.880822838223512
-0.396486319928123
0.812700217626761
-0.669824109382485
0.973239547445138
0.105406328085593
0.531143108451347
0.266990148319936
-0.717285751350825
-0.819684711598419
-0.240122763165477
-0.616885777299894
-9.618308263624359E-002
0.825155688048445
-0.909433466522882
-9.259869245390018E-003
-0.847402935395599
0.662557002770406
-0.903723107565411
0.809312143265980
-0.882319676688487
0.924719134159907
-0.254640842156706
0.805082536038015
0.654513932128286
-0.443315994311991
-0.633539590449476
-0.681567979479804
0.733598675278891
-0.255707528784472
0.959851923672205
6.657689467958705E-002
-6.061381946884969E-002
0.772571499770773
0.536817245478490
-0.333088041894364
-0.661770331324302
0.318246462406099
-0.147430504454112
0.841574817213161
8.047364924114930E-002
0.925117078998565
-0.581889326898658
0.140704518631044
-0.754099457104902
0.574558718054315
0.655246749844387
0.714373623822700
-0.222322361496000
-0.229579134152378
0.558241333090936
0.899588624697656
-0.967786875209717
0.309167256243160
-0.848735574233590
0.185013953003185
0.143020252304485
0.144158396522263
0.534027088616181
-0.542353259911774
-0.383248326171241
8.560608712793916E-002
0.435470198288076
0.216686177727915
0.285846996725066
-0.564463709005815
-0.764930206359862
0.616855054829583
7.913534796168098E-002
0.144498172813253
0.782816807524963
-0.787196380045122
0.440432713570434
-0.881761697097563
2.976774495572498E-002
0.478093538264718
-0.443631538519954
-0.989598556009995
0.682186182116074
0.641328482661822
0.194539122998631
-0.853946418308395
0.911329387902743
0.289792738683697
0.927935013489084
0.556708187945275
0.269099615455354
0.436277022624175
-0.970845863000442
-0.279286343948609
-0.690747617610520
0.946021581726068
-0.234169884074686
0.828434031185175
-0.105722435743739
-0.608534062619040
-0.754725719407055
-0.303657810581344
0.386307399643642
5.729115468903601E-002
3.733590160196054E-002
-0.514893675579673
0.969807685089132
0.590464862617434
-3.484808372431031E-002
0.698451280765399
2.174016127731160E-002
-0.374888559275088
-0.217691706262435
-0.325724814406881
0.666847912446626
0.475137217616037
-0.906511289092461
0.412321108415391
0.212022322705897
-0.757483767991011
-0.434312485119590
0.579568581778241
0.883508561224779
0.986862508060087
0.342406639877967
0.896169016684572
0.730311079452016
-0.278237182949746
-0.857680534898698
-0.544187857422964
-0.891468651022220
-0.848705284828297
2.619666290782008E-002
-0.821715516432104
8.527227130166182E-002
-0.910805285171815
-0.577307099509567
-0.228778627908876
-0.226198561595232
-0.427188855275072
0.411770375445707
-0.871130119564971
0.988234966527654
0.532780440657554
-0.819953661736130
-0.342065381852705
-1.939443249652673E-002
0.671628772322293
-0.187271098102465
-0.278502681605858
-0.370887340291136
0.412999203477486
-0.918702235952807
0.192302607626522
0.737938017456198
0.572972266796341
-0.663521338905820
0.539229080469564
0.206660461875672
-0.587319206875812
0.176164218212456
-0.119593735395684
-3.152374442644534E-002
0.933375935227119
-0.493158330637245
-0.391015730908299
-0.223567172886437
-0.792770511650245
0.975597100297802
-0.988221931736387
-0.355704639682033
-1.679251083515942E-002
0.933262634243497
-0.562992347802199
4.448562338076223E-002
2.879052490330780E-002
-0.589802231235985
-0.422356198029723
-0.530848045890260
0.574947581566189
-0.429894671561685
0.320182378504191
2.530490101823224E-002
0.207550216765033
-0.189406143082085
0.744955188744321
0.134972742978799
0.891572119101706
0.653905269029523
-0.958493977073575
-0.317675377243389
-0.465213743291409
0.871167405997040
0.818060829553363
-0.750847520689499
-0.649000834750511
-0.257598057806416
0.502801256132359
-0.280793708221739
0.513478853109151
-0.734538140443965
0.342586474548953
0.934868097521262
-0.327391930310203
0.509719545173531
0.951110710317456
0.930735876836135
0.102620784995501
-5.527351875708120E-002
0.382726749187227
-9.797714712473621E-002
-4.849998798337912E-002
0.969339654498669
0.908263975848644
-0.202324492948868
1.177984755545980E-002
-0.727331137667945
-0.255134628473989
0.897432372570850
-0.622599607296739
-0.924947458142664
-0.466310536785236
0.102785846095901
0.925323834480959
-1.189333573493068E-002
-0.355754100363283
0.303778403821010
-0.662399646501975
-0.940534997240396
-0.739548380422226
-0.681926751958102
0.798025223814014
-0.394390654062484
-0.376482847612838
-0.985694233693187
0.944133005687640
0.779586763710187
0.738641718302173
-0.862149127890671
0.152160252413534
0.515723543631143
0.578926681638118
-0.471956679186001
-0.482944971905241
-0.981261295456072
0.683138884169421
0.745117521069470
0.249215937304939
6.665971254281278E-002
-0.972583181070895
-0.557283331811933
0.242579944254500
0.656592830461628
-0.349134498590806
-0.562190729559499
-0.773701479083219
0.777115053057099
0.349971515474642
0.899241573845747
0.585203342485371
0.197424734840681
-0.994232167261529
-0.264432572516041
-0.206134971474053
0.787478130280801
-0.137939306313565
0.275212173533174
-0.721812938504899
-0.674444418553159
-0.217161165298290
5.572922701806760E-002
-0.304634511887066
0.631834793233290
0.487221997423965
-0.507623709807181
0.697816079628821
0.932814799383864
0.315121873181944
0.539503578496071
-0.490764421743796
0.947827750614542
0.891478686023355
0.793391000683525
-0.775241469450074
0.340693261455242
0.318075318837723
0.342907511697678
0.441259245624314
-0.801116795788952
-0.335362676300961
0.484405954449670
-0.865059015587911
0.539189379117959
2.528321563686653E-003
0.472957045399278
0.944406082515842
0.556994518425561
0.257763130082684
0.622598915324035
-0.596129246834194
0.614125753380676
-0.204085198392740
0.430810778224333
0.897888411451367
-0.377394333984014
0.484046681851131
0.805784569816515
9.422894986786701E-002
0.621469323441799
0.473664396098567
0.348328143641300
-0.455872101592427
0.740946851661650
0.582629723718166
-0.201921057032092
0.191604473295796
0.665953377078301
0.739566957514353
0.419227157083481
0.408808012375922
-0.780112196369813
0.986395906118510
0.524980109009567
0.848955859970879
0.449268078053268
-2.566017265483689E-002
0.966206790473111
0.181234303119085
0.722433859671872
0.775712092842683
-0.691862366072974
0.795339400229902
0.310550095232554
0.202419974936961
0.733610324262115
-0.426285127752572
-0.967551274803401
-0.823034543058806
-0.824072992916314
0.186293460817514
-0.626721408344489
0.681324709631779
0.578127814522412
-2.863822944194716E-002
-0.712811288232431
-0.766373183644247
-6.205719256534487E-002
-0.767269098301360
-0.591819445278800
-0.181963836060338
-0.671121562852214
0.478778973080314
-4.263794684050026E-003
0.955993319982394
-0.733922712217752
0.966826079031549
0.195904184902017
-0.510016320436909
3.234479844072058E-002
-0.499044388261985
-0.989837442122485
-0.177369577845753
2.958294912918769E-002
0.687930608854673
-0.363796079495302
-0.710358624058070
-0.284764298798967
0.244473162936146
-0.359259664796793
-0.786184900359119
-5.773308868860672E-002
0.441563265646282
0.299474633510848
-0.137644918030045
0.967655545682978
0.100285464676218
0.690122584654210
-0.507870929394397
0.764504511832667
0.558497656356680
-0.680032623374264
3.361424517687706E-002
-0.206871246259687
-0.753831237124119
-6.610721099149292E-002
0.226359999850669
-0.404893771473306
-0.363490207072660
0.486993843873250
0.722074211750319
0.488045075202279
0.456145695304674
-0.669881724724522
-0.357798925327562
0.250747103390050
-0.913048871145190
-0.745351550334544
-3.848164913754187E-002
0.521014098676942
-0.913011847346093
-0.330666583546746
-0.162398997137285
-0.731469112995488
0.686328343738756
-0.724971694230379
-0.688801802484391
5.326723099113906E-002
0.844702635332810
-0.451024514314293
-0.777218577015949
-0.911709433652136
-0.581643647719040
-0.398161870820337
0.265341925227110
-0.892995758403391
-0.451355034189848
-0.777547634715005
0.633001987265964
0.929375131613052
-0.647796307719633
6.144286888774442E-002
-0.676317275728551
-0.429821678220688
7.859637806222342E-003
0.274175243594167
-4.711835226279870E-002
-0.726574798467969
-0.748123544543284
-0.830911371683454
-0.572567479530460
-0.498275479932045
-0.938668045581684
0.292985264167069
-0.624933083597251
-0.770039962815772
0.910368904648977
-0.906541699569693
-0.365605309641200
0.577616305135833
0.664395177491746
-0.793297442807948
7.585028626363255E-002
-0.892222205567587
0.749863985338449
0.277670595143919
0.415259175140887
0.722826651502521
-0.316055812809964
-0.328912456034479
-0.346238517402800
-0.464977987354217
0.657699778165889
0.784699828224013
9.320775183041308E-002
0.745012430625990
7.718194535023559E-002
-0.494159091731312
0.619282407518009
0.282182423856808
0.182593181971654
-0.757879783129218
-0.953857751599471
0.363684553612574
0.710778734374877
0.488673567090764
-0.751460667175314
0.713483610956976
0.950021441910329
-0.956858497268042
-0.481887370329550
-0.180997379303342
0.107847275290179
0.334335494515724
0.691297920309154
0.496624650067226
0.190075164267972
0.959932752230333
0.726943166363128
-0.620513795755652
-0.619374651297390
0.176508491860338
4.350867899983801E-002
-0.689375576375483
0.106856851877099
0.514356023967385
-0.734967081561779
0.747401154846461
-0.995371777381097
0.181592551262752
-0.835766486842256
0.277421934800622
0.495441842410970
0.939243717508254
-0.340106918434189
-0.679932522957337
0.261506457453614
-0.286145474446178
-0.874953336720836
-0.353451087625392
-0.782780730880966
-0.864891676472404
3.289080401682942E-002
-0.876618551794708
0.483909193487966
0.667517574382474
0.209955435640275
0.947057644603723
0.248932608477430
-0.621167293656255
-0.752724766257036
0.694485215484740
-0.546192790114502
-0.685781499040978
-0.279124676587805
0.909121443645709
-0.695142220746302
0.872069934907340
0.629627056661198
-0.261664924789929
-0.629955332049264
-0.462295863914839
-0.988023428703654
0.615037807858645
0.674899321220086
0.469673631210929
-0.235745034664092
0.143323789901341
-0.793372268060522
0.446060472594171
-0.951493393572485
0.726107797920311
-0.409405616018679
-0.219181448049111
0.458168346408896
-0.299099121439936
0.524421056534994
-7.428234411124285E-002
-0.701582463753648
0.801174248149527
0.733908894184161
-2.637787500495259E-002
-0.770119120581134
-0.810197956798052
-0.794312993305086
0.333570639301789
-0.823246579140406
-0.382554159274840
0.912531747745904
-0.914162382811216
0.499707985424983
-0.872057157161114
-0.327724063236522
-0.532936662575052
-0.675259158200133
-0.116714829076437
3.633304503201717E-002
-0.666389382278127
0.778617212168153
-0.157953524229141
0.633040331680524
0.949465698424995
-0.336706058876597
0.237191677634272
-0.777952851320614
-0.227471047237069
0.390140255988536
0.296472745109432
-0.833293186421470
0.741948911019438
0.743392289703869
-0.161395992487046
0.462616501526160
-7.875740513875312E-002
0.107723984940226
0.310410924900753
0.449495910297682
-0.719486827103599
-0.810299557575706
0.569740588510383
0.158835788490734
0.830905249168602
0.736336808460123
-0.196607112750229
-0.470616841224224
-0.335735590913113
-0.130321004463960
-0.869992817262835
-0.653891506875297
-0.844837715295705
-0.998028716925737
0.354074738498939
0.517478234593590
-0.959889906733596
0.956962643350389
0.420199540777576
-0.975849347164479
-0.995700934731671
-0.299071889566776
-0.390095806754262
0.148829620168783
0.453462162774185
6.595530342597300E-003
0.593556661835084
0.922141777995062
0.392000155672434
-0.674877271225941
0.184951556250861
-0.947608480018899
-0.773460386667463
0.698012494636259
0.551503946016463
-0.780138065717992
-4.347280072755749E-002
-0.823871812331073
0.580380616864350
-0.722315008936812
0.199659802006128
0.548494344401179
-0.853899722723978
-0.311729378764052
-0.505377859788537
-0.597566466682195
6.228220476488722E-002
-0.141181555111164
-0.827670914750559
-0.870370682785990
0.293018320531841
0.215953287368652
0.238618813121036
-0.307462632252987
-0.507574143886475
0.385635427096396
0.914207094678467
-0.122264140933964
-0.645212148243112
0.849430818670248
0.582713975818214
-0.630457050441229
-0.286199897214302
0.826465519727003
-0.453971737803705
-0.473609371696040
0.589818697951074
-0.825784285176389
-0.711979130058655
-0.430608397164250
0.351294495565829
-0.690367235653669
-0.789422165649424
-0.816812345026550
0.514878208173738
4.522638248477029E-002
0.966444704284794
0.303038630987647
-0.923095736402617
0.650181568351307
-0.101023014442511
0.667412489526930
-3.250865813495590E-002
-0.653342082413881
0.228206801413360
6.906049459713381E-002
0.509700911270720
-0.217297888114268
4.326569320521290E-002
-0.744674916517627
0.420388902878878
0.615819901854119
-4.725711933190896E-002
-0.840647485319077
1.141615303716104E-002
0.699588081084648
-4.930952712489006E-002
-0.777030376273945
-7.438286269202243E-002
-0.164442658879622
-0.939600827575694
0.259361380266823
-0.454917054468744
0.844125405303506
-0.171874027517296
-0.196141769956822
-0.614157330805145
-0.879884656421000
-0.440184116557079
0.850312343461691
-0.521241641280028
0.744693429348494
3.366117917988243E-002
0.366349685070904
-0.737836531231229
-0.950774389233358
-0.164854363078542
-0.841052725207751
0.991590664389170
-0.434900414183055
0.147425431539843
-0.595837062059972
0.126521162574316
-0.780728796199871
0.111519796996926
-0.883775832187825
0.757475256633660
0.937001181135463
-0.560445923655250
0.272903898822528
-0.467799479497111
-0.336976839063239
0.565728658385076
0.644394565268201
-0.423910786878513
3.698201530772716E-003
0.896902884001255
0.786340822390729
0.178501670329197
0.265485392681441
-0.820136542763378
0.164631269403572
0.124575530918741
0.509190542754340
0.522971126927314
0.519823107488899
-0.877723557691324
0.476001828657533
0.533399635152408
-0.690146379015615
-0.580593913956771
-0.285553725097361
-0.253576736223896
-0.483905945966024
0.427154710194163
-0.789176446422934
-0.942936763702717
-0.861633239425172
0.419883975149194
0.881080042520443
0.593253994093548
-3.489027450125542E-002
-0.166562444138253
-0.931570842016266
0.308862869280082
0.347037541912024
0.719719972543507
0.331161551712419
-0.557543138224244
0.756651801669689
3.444803875315872E-002
-0.203438069807477
-5.064029912672352E-003
0.895303072920420
-0.377898236327503
-6.593701737218094E-002
-0.256741548340318
0.196443704747460
-0.794444615267121
0.533980954619299
0.663447102249133
0.357042504171192
-0.873161127426986
0.110034773290600
0.320785043885337
0.711648316816473
-0.706308060808194
-0.772993534200104
-0.515219928135022
-0.362223747088118
0.957747599300247
-0.869522201320803
0.736322739900753
0.817091788376120
-0.161000269784139
0.346507945309006
0.929142359633507
-0.529692946013018
0.607276760329734
-2.196702774018128E-002
-0.347828771250997
0.972492467454565
0.474271387473243
-0.938203443189754
0.977732665886762
-0.461789905211024
0.490125029655463
4.152596114655127E-002
-0.553095291374764
