17
170
157
171
162
177
167
169
87
130
141
135
155
174
117
146
180
169
180
146
137
154
177
143
160
145
142
127
141
123
155
174
95
116
154
163
171
175
161
180
117
163
174
145
178
168
166
166
166
180
173
179
179
147
170
153
151
172
180
160
164
173
146
173
171
145
161
113
180
151
109
151
135
176
155
179
141
128
155
175
154
132
178
147
168
137
178
154
176
174
167
111
174
141
170
123
178
178
154
167
139
176
168
180
179
151
119
172
110
132
136
177
95
175
148
119
84
135
159
167
145
151
165
171
176
105
175
141
103
161
139
179
116
106
165
135
125
163
174
172
159
93
130
174
142
167
108
111
139
179
148
160
157
135
127
140
175
180
90
177
178
137
178
175
155
147
180
173
174
167
179
160
177
163
163
145
160
176
155
176
