  0.000000000000000E+000  0.270000006034970     
  1.999999955296516E-002  0.264000005900860     
  3.999999910593033E-002  0.300000006705523     
  5.999999865889549E-002  0.234000005230308     
  7.999999821186066E-002  0.282000006303191     
  9.999999776482582E-002  0.336000007510185     
  0.119999997317791       0.258000005766750     
  0.139999996870756       0.246000005498529     
  0.159999996423721       0.246000005498529     
  0.179999995976686       0.270000006034970     
  0.199999995529652       0.300000006705523     
  0.219999995082617       0.240000005364418     
  0.239999994635582       0.246000005498529     
  0.259999994188547       0.252000005632639     
  0.279999993741512       0.222000004962087     
  0.299999993294477       0.192000004291535     
  0.319999992847443       0.144000003218651     
  0.339999992400408       0.198000004425645     
  0.359999991953373       0.204000004559755     
  0.379999991506338       0.180000004023314     
  0.399999991059303       0.270000006034970     
  0.419999990612268       0.222000004962087     
  0.439999990165234       0.234000005230308     
  0.459999989718199       0.252000005632639     
  0.479999989271164       0.192000004291535     
  0.499999988824129       0.174000003889203     
  0.519999988377094       0.192000004291535     
  0.539999987930059       0.258000005766750     
  0.559999987483025       0.234000005230308     
  0.579999987035990       0.252000005632639     
  0.599999986588955       0.240000005364418     
  0.619999986141920       0.228000005096197     
  0.639999985694885       0.294000006571412     
  0.659999985247850       0.270000006034970     
  0.679999984800816       0.252000005632639     
  0.699999984353781       0.288000006437302     
  0.719999983906746       0.240000005364418     
  0.739999983459711       0.234000005230308     
  0.759999983012676       0.234000005230308     
  0.779999982565641       0.276000006169081     
  0.799999982118607       0.354000007912517     
  0.819999981671572       0.264000005900860     
  0.839999981224537       0.252000005632639     
  0.859999980777502       0.246000005498529     
  0.879999980330467       0.342000007644296     
  0.899999979883432       0.216000004827976     
  0.919999979436398       0.246000005498529     
  0.939999978989363       0.246000005498529     
  0.959999978542328       0.210000004693866     
  0.979999978095293       0.258000005766750     
  0.999999977648258       0.288000006437302     
   1.01999997720122       0.204000004559755     
   1.03999997675419       0.282000006303191     
   1.05999997630715       0.240000005364418     
   1.07999997586012       0.186000004157424     
   1.09999997541308       0.234000005230308     
   1.11999997496605       0.264000005900860     
   1.13999997451901       0.198000004425645     
   1.15999997407198       0.246000005498529     
   1.17999997362494       0.192000004291535     
   1.19999997317791       0.180000004023314     
   1.21999997273088       0.192000004291535     
   1.23999997228384       0.300000006705523     
   1.25999997183681       0.282000006303191     
   1.27999997138977       0.198000004425645     
   1.29999997094274       0.234000005230308     
   1.31999997049570       0.246000005498529     
   1.33999997004867       0.168000003755093     
   1.35999996960163       0.192000004291535     
   1.37999996915460       0.108000002413988     
   1.39999996870756       0.198000004425645     
   1.41999996826053       0.222000004962087     
   1.43999996781349       0.186000004157424     
   1.45999996736646       0.144000003218651     
   1.47999996691942       0.210000004693866     
   1.49999996647239       0.210000004693866     
   1.51999996602535       0.198000004425645     
   1.53999996557832       0.120000002682209     
   1.55999996513128       0.192000004291535     
   1.57999996468425       0.210000004693866     
   1.59999996423721       0.288000006437302     
   1.61999996379018       0.156000003486872     
   1.63999996334314       0.306000006839633     
   1.65999996289611       0.210000004693866     
   1.67999996244907       0.252000005632639     
   1.69999996200204       0.252000005632639     
   1.71999996155500       0.198000004425645     
   1.73999996110797       0.246000005498529     
   1.75999996066093       0.222000004962087     
   1.77999996021390       0.252000005632639     
   1.79999995976686       0.348000007778406     
   1.81999995931983       0.342000007644296     
   1.83999995887280       0.246000005498529     
   1.85999995842576       0.246000005498529     
   1.87999995797873       0.282000006303191     
   1.89999995753169       0.246000005498529     
   1.91999995708466       0.240000005364418     
   1.93999995663762       0.330000007376075     
   1.95999995619059       0.288000006437302     
   1.97999995574355       0.288000006437302     
   1.99999995529652       0.318000007107854     
   2.01999995484948       0.312000006973744     
   2.03999995440245       0.264000005900860     
   2.05999995395541       0.228000005096197     
   2.07999995350838       0.324000007241965     
   2.09999995306134       0.360000008046627     
   2.11999995261431       0.306000006839633     
   2.13999995216727       0.258000005766750     
   2.15999995172024       0.240000005364418     
   2.17999995127320       0.270000006034970     
   2.19999995082617       0.258000005766750     
   2.21999995037913       0.228000005096197     
   2.23999994993210       0.246000005498529     
   2.25999994948506       0.252000005632639     
   2.27999994903803       0.246000005498529     
   2.29999994859099       0.336000007510185     
   2.31999994814396       0.264000005900860     
   2.33999994769692       0.258000005766750     
   2.35999994724989       0.300000006705523     
   2.37999994680285       0.258000005766750     
   2.39999994635582       0.288000006437302     
   2.41999994590878       0.198000004425645     
   2.43999994546175       0.216000004827976     
   2.45999994501472       0.216000004827976     
   2.47999994456768       0.282000006303191     
   2.49999994412065       0.234000005230308     
   2.51999994367361       0.246000005498529     
   2.53999994322658       0.210000004693866     
   2.55999994277954       0.330000007376075     
   2.57999994233251       0.240000005364418     
   2.59999994188547       0.270000006034970     
   2.61999994143844       0.246000005498529     
   2.63999994099140       0.240000005364418     
   2.65999994054437       0.276000006169081     
   2.67999994009733       0.258000005766750     
   2.69999993965030       0.228000005096197     
   2.71999993920326       0.240000005364418     
   2.73999993875623       0.198000004425645     
   2.75999993830919       0.180000004023314     
   2.77999993786216       0.276000006169081     
   2.79999993741512       0.324000007241965     
   2.81999993696809       0.264000005900860     
   2.83999993652105       0.216000004827976     
   2.85999993607402       0.282000006303191     
   2.87999993562698       0.264000005900860     
   2.89999993517995       0.246000005498529     
   2.91999993473291       0.300000006705523     
   2.93999993428588       0.240000005364418     
   2.95999993383884       0.252000005632639     
   2.97999993339181       0.264000005900860     
   2.99999993294477       0.330000007376075     
   3.01999993249774       0.222000004962087     
   3.03999993205070       0.330000007376075     
   3.05999993160367       0.336000007510185     
   3.07999993115664       0.366000008180738     
   3.09999993070960       0.294000006571412     
   3.11999993026257       0.336000007510185     
   3.13999992981553       0.300000006705523     
   3.15999992936850       0.300000006705523     
   3.17999992892146       0.240000005364418     
   3.19999992847443       0.294000006571412     
   3.21999992802739       0.324000007241965     
   3.23999992758036       0.366000008180738     
   3.25999992713332       0.384000008583069     
   3.27999992668629       0.354000007912517     
   3.29999992623925       0.330000007376075     
   3.31999992579222       0.300000006705523     
   3.33999992534518       0.240000005364418     
   3.35999992489815       0.294000006571412     
   3.37999992445111       0.348000007778406     
   3.39999992400408       0.336000007510185     
   3.41999992355704       0.294000006571412     
   3.43999992311001       0.384000008583069     
   3.45999992266297       0.354000007912517     
   3.47999992221594       0.252000005632639     
   3.49999992176890       0.300000006705523     
   3.51999992132187       0.396000008851290     
   3.53999992087483       0.324000007241965     
   3.55999992042780       0.222000004962087     
   3.57999991998076       0.312000006973744     
   3.59999991953373       0.318000007107854     
   3.61999991908669       0.312000006973744     
   3.63999991863966       0.264000005900860     
   3.65999991819263       0.264000005900860     
   3.67999991774559       0.270000006034970     
   3.69999991729856       0.294000006571412     
   3.71999991685152       0.288000006437302     
   3.73999991640449       0.294000006571412     
   3.75999991595745       0.336000007510185     
   3.77999991551042       0.354000007912517     
   3.79999991506338       0.270000006034970     
   3.81999991461635       0.342000007644296     
   3.83999991416931       0.354000007912517     
   3.85999991372228       0.264000005900860     
   3.87999991327524       0.348000007778406     
   3.89999991282821       0.252000005632639     
   3.91999991238117       0.324000007241965     
   3.93999991193414       0.342000007644296     
   3.95999991148710       0.288000006437302     
   3.97999991104007       0.282000006303191     
   3.99999991059303       0.258000005766750     
   4.01999991014600       0.300000006705523     
   4.03999990969896       0.240000005364418     
   4.05999990925193       0.306000006839633     
   4.07999990880489       0.312000006973744     
   4.09999990835786       0.324000007241965     
   4.11999990791082       0.234000005230308     
   4.13999990746379       0.312000006973744     
   4.15999990701675       0.312000006973744     
   4.17999990656972       0.336000007510185     
   4.19999990612268       0.264000005900860     
   4.21999990567565       0.414000009253621     
   4.23999990522861       0.348000007778406     
   4.25999990478158       0.330000007376075     
   4.27999990433455       0.318000007107854     
   4.29999990388751       0.468000010460615     
   4.31999990344048       0.300000006705523     
   4.33999990299344       0.360000008046627     
   4.35999990254641       0.300000006705523     
   4.37999990209937       0.354000007912517     
   4.39999990165234       0.318000007107854     
   4.41999990120530       0.294000006571412     
   4.43999990075827       0.324000007241965     
   4.45999990031123       0.258000005766750     
   4.47999989986420       0.258000005766750     
   4.49999989941716       0.306000006839633     
   4.51999989897013       0.264000005900860     
   4.53999989852309       0.300000006705523     
   4.55999989807606       0.324000007241965     
   4.57999989762902       0.300000006705523     
   4.59999989718199       0.390000008717179     
   4.61999989673495       0.294000006571412     
   4.63999989628792       0.336000007510185     
   4.65999989584088       0.336000007510185     
   4.67999989539385       0.360000008046627     
   4.69999989494681       0.294000006571412     
   4.71999989449978       0.228000005096197     
   4.73999989405274       0.306000006839633     
   4.75999989360571       0.324000007241965     
   4.77999989315867       0.294000006571412     
   4.79999989271164       0.348000007778406     
   4.81999989226460       0.306000006839633     
   4.83999989181757       0.312000006973744     
   4.85999989137053       0.264000005900860     
   4.87999989092350       0.372000008314848     
   4.89999989047647       0.366000008180738     
   4.91999989002943       0.414000009253621     
   4.93999988958240       0.342000007644296     
   4.95999988913536       0.264000005900860     
   4.97999988868833       0.318000007107854     
   4.99999988824129       0.270000006034970     
   5.01999988779426       0.318000007107854     
   5.03999988734722       0.402000008985400     
   5.05999988690019       0.222000004962087     
   5.07999988645315       0.282000006303191     
   5.09999988600612       0.288000006437302     
   5.11999988555908       0.306000006839633     
   5.13999988511205       0.354000007912517     
   5.15999988466501       0.324000007241965     
   5.17999988421798       0.300000006705523     
   5.19999988377094       0.288000006437302     
   5.21999988332391       0.438000009790063     
   5.23999988287687       0.318000007107854     
   5.25999988242984       0.342000007644296     
   5.27999988198280       0.336000007510185     
   5.29999988153577       0.264000005900860     
   5.31999988108873       0.384000008583069     
   5.33999988064170       0.258000005766750     
   5.35999988019466       0.330000007376075     
   5.37999987974763       0.318000007107854     
   5.39999987930059       0.348000007778406     
   5.41999987885356       0.264000005900860     
   5.43999987840652       0.270000006034970     
   5.45999987795949       0.264000005900860     
   5.47999987751245       0.354000007912517     
   5.49999987706542       0.330000007376075     
   5.51999987661839       0.270000006034970     
   5.53999987617135       0.258000005766750     
   5.55999987572432       0.288000006437302     
   5.57999987527728       0.264000005900860     
   5.59999987483025       0.312000006973744     
   5.61999987438321       0.324000007241965     
   5.63999987393618       0.258000005766750     
   5.65999987348914       0.252000005632639     
   5.67999987304211       0.294000006571412     
   5.69999987259507       0.228000005096197     
   5.71999987214804       0.300000006705523     
   5.73999987170100       0.336000007510185     
   5.75999987125397       0.282000006303191     
   5.77999987080693       0.336000007510185     
   5.79999987035990       0.360000008046627     
   5.81999986991286       0.294000006571412     
   5.83999986946583       0.360000008046627     
   5.85999986901879       0.348000007778406     
   5.87999986857176       0.264000005900860     
   5.89999986812472       0.306000006839633     
   5.91999986767769       0.294000006571412     
   5.93999986723065       0.318000007107854     
   5.95999986678362       0.294000006571412     
   5.97999986633658       0.336000007510185     
   5.99999986588955       0.360000008046627     
   6.01999986544251       0.312000006973744     
   6.03999986499548       0.324000007241965     
   6.05999986454844       0.306000006839633     
   6.07999986410141       0.300000006705523     
   6.09999986365438       0.336000007510185     
   6.11999986320734       0.258000005766750     
   6.13999986276031       0.384000008583069     
   6.15999986231327       0.306000006839633     
   6.17999986186624       0.348000007778406     
   6.19999986141920       0.390000008717179     
   6.21999986097217       0.336000007510185     
   6.23999986052513       0.360000008046627     
   6.25999986007810       0.396000008851290     
   6.27999985963106       0.258000005766750     
   6.29999985918403       0.300000006705523     
   6.31999985873699       0.300000006705523     
   6.33999985828996       0.324000007241965     
   6.35999985784292       0.354000007912517     
   6.37999985739589       0.342000007644296     
   6.39999985694885       0.282000006303191     
   6.41999985650182       0.414000009253621     
   6.43999985605478       0.294000006571412     
   6.45999985560775       0.348000007778406     
   6.47999985516071       0.318000007107854     
   6.49999985471368       0.288000006437302     
   6.51999985426664       0.378000008448959     
   6.53999985381961       0.312000006973744     
   6.55999985337257       0.312000006973744     
   6.57999985292554       0.318000007107854     
   6.59999985247850       0.288000006437302     
   6.61999985203147       0.318000007107854     
   6.63999985158443       0.414000009253621     
   6.65999985113740       0.240000005364418     
   6.67999985069036       0.252000005632639     
   6.69999985024333       0.312000006973744     
   6.71999984979630       0.312000006973744     
   6.73999984934926       0.312000006973744     
   6.75999984890223       0.384000008583069     
   6.77999984845519       0.384000008583069     
   6.79999984800816       0.396000008851290     
   6.81999984756112       0.318000007107854     
   6.83999984711409       0.306000006839633     
   6.85999984666705       0.354000007912517     
   6.87999984622002       0.366000008180738     
   6.89999984577298       0.264000005900860     
   6.91999984532595       0.246000005498529     
   6.93999984487891       0.354000007912517     
   6.95999984443188       0.264000005900860     
   6.97999984398484       0.270000006034970     
   6.99999984353781       0.354000007912517     
   7.01999984309077       0.348000007778406     
   7.03999984264374       0.342000007644296     
   7.05999984219670       0.444000009924174     
   7.07999984174967       0.366000008180738     
   7.09999984130263       0.270000006034970     
   7.11999984085560       0.324000007241965     
   7.13999984040856       0.318000007107854     
   7.15999983996153       0.390000008717179     
   7.17999983951449       0.330000007376075     
   7.19999983906746       0.396000008851290     
   7.21999983862042       0.426000009521842     
   7.23999983817339       0.372000008314848     
   7.25999983772635       0.396000008851290     
   7.27999983727932       0.384000008583069     
   7.29999983683228       0.306000006839633     
   7.31999983638525       0.270000006034970     
   7.33999983593822       0.252000005632639     
   7.35999983549118       0.354000007912517     
   7.37999983504415       0.336000007510185     
   7.39999983459711       0.270000006034970     
   7.41999983415008       0.294000006571412     
   7.43999983370304       0.234000005230308     
   7.45999983325601       0.246000005498529     
   7.47999983280897       0.342000007644296     
   7.49999983236194       0.342000007644296     
   7.51999983191490       0.330000007376075     
   7.53999983146787       0.270000006034970     
   7.55999983102083       0.318000007107854     
   7.57999983057380       0.324000007241965     
   7.59999983012676       0.312000006973744     
   7.61999982967973       0.342000007644296     
   7.63999982923269       0.246000005498529     
   7.65999982878566       0.294000006571412     
   7.67999982833862       0.300000006705523     
   7.69999982789159       0.354000007912517     
   7.71999982744455       0.390000008717179     
   7.73999982699752       0.342000007644296     
   7.75999982655048       0.378000008448959     
   7.77999982610345       0.300000006705523     
   7.79999982565641       0.354000007912517     
   7.81999982520938       0.348000007778406     
   7.83999982476234       0.306000006839633     
   7.85999982431531       0.384000008583069     
   7.87999982386827       0.342000007644296     
   7.89999982342124       0.312000006973744     
   7.91999982297421       0.450000010058284     
   7.93999982252717       0.294000006571412     
   7.95999982208014       0.360000008046627     
   7.97999982163310       0.336000007510185     
   7.99999982118607       0.306000006839633     
   8.01999982073903       0.390000008717179     
   8.03999982029200       0.192000004291535     
   8.05999981984496       0.378000008448959     
   8.07999981939793       0.342000007644296     
   8.09999981895089       0.396000008851290     
   8.11999981850386       0.348000007778406     
   8.13999981805682       0.378000008448959     
   8.15999981760979       0.366000008180738     
   8.17999981716275       0.330000007376075     
   8.19999981671572       0.300000006705523     
   8.21999981626868       0.324000007241965     
   8.23999981582165       0.270000006034970     
   8.25999981537461       0.336000007510185     
   8.27999981492758       0.240000005364418     
   8.29999981448054       0.402000008985400     
   8.31999981403351       0.300000006705523     
   8.33999981358647       0.372000008314848     
   8.35999981313944       0.294000006571412     
   8.37999981269240       0.300000006705523     
   8.39999981224537       0.318000007107854     
   8.41999981179833       0.312000006973744     
   8.43999981135130       0.402000008985400     
   8.45999981090426       0.360000008046627     
   8.47999981045723       0.336000007510185     
   8.49999981001019       0.336000007510185     
   8.51999980956316       0.336000007510185     
   8.53999980911613       0.288000006437302     
   8.55999980866909       0.288000006437302     
   8.57999980822206       0.288000006437302     
   8.59999980777502       0.288000006437302     
   8.61999980732799       0.336000007510185     
   8.63999980688095       0.318000007107854     
   8.65999980643392       0.480000010728836     
   8.67999980598688       0.402000008985400     
   8.69999980553985       0.468000010460615     
   8.71999980509281       0.462000010326505     
   8.73999980464578       0.456000010192395     
   8.75999980419874       0.414000009253621     
   8.77999980375171       0.426000009521842     
   8.79999980330467       0.318000007107854     
   8.81999980285764       0.426000009521842     
   8.83999980241060       0.390000008717179     
   8.85999980196357       0.384000008583069     
   8.87999980151653       0.402000008985400     
   8.89999980106950       0.384000008583069     
   8.91999980062246       0.462000010326505     
   8.93999980017543       0.288000006437302     
   8.95999979972839       0.396000008851290     
   8.97999979928136       0.462000010326505     
   8.99999979883432       0.372000008314848     
   9.01999979838729       0.402000008985400     
   9.03999979794025       0.444000009924174     
   9.05999979749322       0.324000007241965     
   9.07999979704618       0.390000008717179     
   9.09999979659915       0.372000008314848     
   9.11999979615211       0.324000007241965     
   9.13999979570508       0.402000008985400     
   9.15999979525805       0.390000008717179     
   9.17999979481101       0.348000007778406     
   9.19999979436398       0.408000009119511     
   9.21999979391694       0.336000007510185     
   9.23999979346991       0.444000009924174     
   9.25999979302287       0.360000008046627     
   9.27999979257584       0.402000008985400     
   9.29999979212880       0.336000007510185     
   9.31999979168177       0.402000008985400     
   9.33999979123473       0.312000006973744     
   9.35999979078770       0.402000008985400     
   9.37999979034066       0.462000010326505     
   9.39999978989363       0.408000009119511     
   9.41999978944659       0.402000008985400     
   9.43999978899956       0.378000008448959     
   9.45999978855252       0.432000009655953     
   9.47999978810549       0.384000008583069     
   9.49999978765845       0.384000008583069     
   9.51999978721142       0.432000009655953     
   9.53999978676438       0.336000007510185     
   9.55999978631735       0.276000006169081     
   9.57999978587031       0.402000008985400     
   9.59999978542328       0.456000010192395     
   9.61999978497624       0.396000008851290     
   9.63999978452921       0.420000009387732     
   9.65999978408217       0.282000006303191     
   9.67999978363514       0.450000010058284     
   9.69999978318810       0.306000006839633     
   9.71999978274107       0.390000008717179     
   9.73999978229403       0.378000008448959     
   9.75999978184700       0.384000008583069     
   9.77999978139997       0.420000009387732     
   9.79999978095293       0.444000009924174     
   9.81999978050590       0.486000010862947     
   9.83999978005886       0.384000008583069     
   9.85999977961183       0.444000009924174     
   9.87999977916479       0.432000009655953     
   9.89999977871776       0.402000008985400     
   9.91999977827072       0.438000009790063     
   9.93999977782369       0.408000009119511     
   9.95999977737665       0.456000010192395     
   9.97999977692962       0.474000010594726     
   9.99999977648258       0.468000010460615     
   10.0199997760355       0.336000007510185     
   10.0399997755885       0.366000008180738     
   10.0599997751415       0.312000006973744     
   10.0799997746944       0.306000006839633     
   10.0999997742474       0.324000007241965     
   10.1199997738004       0.354000007912517     
   10.1399997733533       0.384000008583069     
   10.1599997729063       0.348000007778406     
   10.1799997724593       0.438000009790063     
   10.1999997720122       0.384000008583069     
   10.2199997715652       0.462000010326505     
   10.2399997711182       0.522000011667609     
   10.2599997706711       0.372000008314848     
   10.2799997702241       0.462000010326505     
   10.2999997697771       0.384000008583069     
   10.3199997693300       0.336000007510185     
   10.3399997688830       0.360000008046627     
   10.3599997684360       0.378000008448959     
   10.3799997679889       0.462000010326505     
   10.3999997675419       0.402000008985400     
   10.4199997670949       0.366000008180738     
   10.4399997666478       0.354000007912517     
   10.4599997662008       0.450000010058284     
   10.4799997657537       0.510000011399389     
   10.4999997653067       0.366000008180738     
   10.5199997648597       0.396000008851290     
   10.5399997644126       0.384000008583069     
   10.5599997639656       0.366000008180738     
   10.5799997635186       0.360000008046627     
   10.5999997630715       0.342000007644296     
   10.6199997626245       0.384000008583069     
   10.6399997621775       0.342000007644296     
   10.6599997617304       0.420000009387732     
   10.6799997612834       0.330000007376075     
   10.6999997608364       0.342000007644296     
   10.7199997603893       0.294000006571412     
   10.7399997599423       0.318000007107854     
   10.7599997594953       0.288000006437302     
   10.7799997590482       0.366000008180738     
   10.7999997586012       0.324000007241965     
   10.8199997581542       0.324000007241965     
   10.8399997577071       0.294000006571412     
   10.8599997572601       0.336000007510185     
   10.8799997568130       0.294000006571412     
   10.8999997563660       0.318000007107854     
   10.9199997559190       0.396000008851290     
   10.9399997554719       0.474000010594726     
   10.9599997550249       0.228000005096197     
   10.9799997545779       0.360000008046627     
   10.9999997541308       0.396000008851290     
   11.0199997536838       0.390000008717179     
   11.0399997532368       0.486000010862947     
   11.0599997527897       0.348000007778406     
   11.0799997523427       0.270000006034970     
   11.0999997518957       0.324000007241965     
   11.1199997514486       0.396000008851290     
   11.1399997510016       0.384000008583069     
   11.1599997505546       0.414000009253621     
   11.1799997501075       0.366000008180738     
   11.1999997496605       0.324000007241965     
   11.2199997492135       0.378000008448959     
   11.2399997487664       0.378000008448959     
   11.2599997483194       0.432000009655953     
   11.2799997478724       0.384000008583069     
   11.2999997474253       0.294000006571412     
   11.3199997469783       0.384000008583069     
   11.3399997465312       0.390000008717179     
   11.3599997460842       0.390000008717179     
   11.3799997456372       0.378000008448959     
   11.3999997451901       0.330000007376075     
   11.4199997447431       0.342000007644296     
   11.4399997442961       0.360000008046627     
   11.4599997438490       0.378000008448959     
   11.4799997434020       0.282000006303191     
   11.4999997429550       0.360000008046627     
   11.5199997425079       0.318000007107854     
   11.5399997420609       0.294000006571412     
   11.5599997416139       0.372000008314848     
   11.5799997411668       0.372000008314848     
   11.5999997407198       0.354000007912517     
   11.6199997402728       0.354000007912517     
   11.6399997398257       0.300000006705523     
   11.6599997393787       0.258000005766750     
   11.6799997389317       0.348000007778406     
   11.6999997384846       0.348000007778406     
   11.7199997380376       0.324000007241965     
   11.7399997375906       0.276000006169081     
   11.7599997371435       0.240000005364418     
   11.7799997366965       0.354000007912517     
   11.7999997362494       0.318000007107854     
   11.8199997358024       0.258000005766750     
   11.8399997353554       0.204000004559755     
   11.8599997349083       0.252000005632639     
   11.8799997344613       0.264000005900860     
   11.8999997340143       0.264000005900860     
   11.9199997335672       0.276000006169081     
   11.9399997331202       0.312000006973744     
   11.9599997326732       0.258000005766750     
   11.9799997322261       0.300000006705523     
   11.9999997317791       0.258000005766750     
   12.0199997313321       0.300000006705523     
   12.0399997308850       0.258000005766750     
   12.0599997304380       0.246000005498529     
   12.0799997299910       0.306000006839633     
   12.0999997295439       0.276000006169081     
   12.1199997290969       0.240000005364418     
   12.1399997286499       0.378000008448959     
   12.1599997282028       0.294000006571412     
   12.1799997277558       0.342000007644296     
   12.1999997273088       0.222000004962087     
   12.2199997268617       0.264000005900860     
   12.2399997264147       0.354000007912517     
   12.2599997259676       0.372000008314848     
   12.2799997255206       0.270000006034970     
   12.2999997250736       0.258000005766750     
   12.3199997246265       0.312000006973744     
   12.3399997241795       0.342000007644296     
   12.3599997237325       0.342000007644296     
   12.3799997232854       0.294000006571412     
   12.3999997228384       0.372000008314848     
   12.4199997223914       0.318000007107854     
   12.4399997219443       0.252000005632639     
   12.4599997214973       0.336000007510185     
   12.4799997210503       0.288000006437302     
   12.4999997206032       0.300000006705523     
   12.5199997201562       0.312000006973744     
   12.5399997197092       0.372000008314848     
   12.5599997192621       0.264000005900860     
   12.5799997188151       0.300000006705523     
   12.5999997183681       0.276000006169081     
   12.6199997179210       0.282000006303191     
   12.6399997174740       0.216000004827976     
   12.6599997170269       0.276000006169081     
   12.6799997165799       0.258000005766750     
   12.6999997161329       0.330000007376075     
   12.7199997156858       0.306000006839633     
   12.7399997152388       0.246000005498529     
   12.7599997147918       0.246000005498529     
   12.7799997143447       0.306000006839633     
   12.7999997138977       0.336000007510185     
   12.8199997134507       0.288000006437302     
   12.8399997130036       0.276000006169081     
   12.8599997125566       0.222000004962087     
   12.8799997121096       0.312000006973744     
   12.8999997116625       0.282000006303191     
   12.9199997112155       0.240000005364418     
   12.9399997107685       0.228000005096197     
   12.9599997103214       0.258000005766750     
   12.9799997098744       0.222000004962087     
   12.9999997094274       0.264000005900860     
   13.0199997089803       0.240000005364418     
   13.0399997085333       0.258000005766750     
   13.0599997080863       0.228000005096197     
   13.0799997076392       0.216000004827976     
   13.0999997071922       0.270000006034970     
   13.1199997067451       0.276000006169081     
   13.1399997062981       0.204000004559755     
   13.1599997058511       0.210000004693866     
   13.1799997054040       0.240000005364418     
   13.1999997049570       0.228000005096197     
   13.2199997045100       0.234000005230308     
   13.2399997040629       0.240000005364418     
   13.2599997036159       0.234000005230308     
   13.2799997031689       0.204000004559755     
   13.2999997027218       0.240000005364418     
   13.3199997022748       0.288000006437302     
   13.3399997018278       0.276000006169081     
   13.3599997013807       0.276000006169081     
   13.3799997009337       0.294000006571412     
   13.3999997004867       0.258000005766750     
   13.4199997000396       0.264000005900860     
   13.4399996995926       0.228000005096197     
   13.4599996991456       0.270000006034970     
   13.4799996986985       0.228000005096197     
   13.4999996982515       0.246000005498529     
   13.5199996978045       0.222000004962087     
   13.5399996973574       0.348000007778406     
   13.5599996969104       0.252000005632639     
   13.5799996964633       0.234000005230308     
   13.5999996960163       0.252000005632639     
   13.6199996955693       0.252000005632639     
   13.6399996951222       0.276000006169081     
   13.6599996946752       0.228000005096197     
   13.6799996942282       0.276000006169081     
   13.6999996937811       0.258000005766750     
   13.7199996933341       0.204000004559755     
   13.7399996928871       0.246000005498529     
   13.7599996924400       0.240000005364418     
   13.7799996919930       0.240000005364418     
   13.7999996915460       0.234000005230308     
   13.8199996910989       0.300000006705523     
   13.8399996906519       0.288000006437302     
   13.8599996902049       0.330000007376075     
   13.8799996897578       0.306000006839633     
   13.8999996893108       0.258000005766750     
   13.9199996888638       0.210000004693866     
   13.9399996884167       0.282000006303191     
   13.9599996879697       0.288000006437302     
   13.9799996875226       0.204000004559755     
   13.9999996870756       0.180000004023314     
   14.0199996866286       0.216000004827976     
   14.0399996861815       0.240000005364418     
   14.0599996857345       0.216000004827976     
   14.0799996852875       0.228000005096197     
   14.0999996848404       0.204000004559755     
   14.1199996843934       0.240000005364418     
   14.1399996839464       0.228000005096197     
   14.1599996834993       0.228000005096197     
   14.1799996830523       0.216000004827976     
   14.1999996826053       0.198000004425645     
   14.2199996821582       0.234000005230308     
   14.2399996817112       0.210000004693866     
   14.2599996812642       0.252000005632639     
   14.2799996808171       0.270000006034970     
   14.2999996803701       0.216000004827976     
   14.3199996799231       0.174000003889203     
   14.3399996794760       0.228000005096197     
   14.3599996790290       0.228000005096197     
   14.3799996785820       0.210000004693866     
   14.3999996781349       0.234000005230308     
   14.4199996776879       0.264000005900860     
   14.4399996772408       0.276000006169081     
   14.4599996767938       0.180000004023314     
   14.4799996763468       0.252000005632639     
   14.4999996758997       0.240000005364418     
   14.5199996754527       0.180000004023314     
   14.5399996750057       0.270000006034970     
   14.5599996745586       0.258000005766750     
   14.5799996741116       0.246000005498529     
   14.5999996736646       0.216000004827976     
   14.6199996732175       0.282000006303191     
   14.6399996727705       0.168000003755093     
   14.6599996723235       0.342000007644296     
   14.6799996718764       0.216000004827976     
   14.6999996714294       0.228000005096197     
   14.7199996709824       0.216000004827976     
   14.7399996705353       0.264000005900860     
   14.7599996700883       0.174000003889203     
   14.7799996696413       0.228000005096197     
   14.7999996691942       0.300000006705523     
   14.8199996687472       0.246000005498529     
   14.8399996683002       0.258000005766750     
   14.8599996678531       0.228000005096197     
   14.8799996674061       0.162000003620982     
   14.8999996669590       0.204000004559755     
   14.9199996665120       0.234000005230308     
   14.9399996660650       0.216000004827976     
   14.9599996656179       0.198000004425645     
   14.9799996651709       0.300000006705523     
   14.9999996647239       0.246000005498529     
   15.0199996642768       0.234000005230308     
   15.0399996638298       0.180000004023314     
   15.0599996633828       0.204000004559755     
   15.0799996629357       0.168000003755093     
   15.0999996624887       0.300000006705523     
   15.1199996620417       0.276000006169081     
   15.1399996615946       0.168000003755093     
   15.1599996611476       0.222000004962087     
   15.1799996607006       0.240000005364418     
   15.1999996602535       0.150000003352761     
   15.2199996598065       0.210000004693866     
   15.2399996593595       0.264000005900860     
   15.2599996589124       0.270000006034970     
   15.2799996584654       0.222000004962087     
   15.2999996580184       0.186000004157424     
   15.3199996575713       0.282000006303191     
   15.3399996571243       0.258000005766750     
   15.3599996566772       0.216000004827976     
   15.3799996562302       0.264000005900860     
   15.3999996557832       0.228000005096197     
   15.4199996553361       0.210000004693866     
   15.4399996548891       0.210000004693866     
   15.4599996544421       0.228000005096197     
   15.4799996539950       0.246000005498529     
   15.4999996535480       0.270000006034970     
   15.5199996531010       0.258000005766750     
   15.5399996526539       0.264000005900860     
   15.5599996522069       0.228000005096197     
   15.5799996517599       0.282000006303191     
   15.5999996513128       0.318000007107854     
   15.6199996508658       0.252000005632639     
   15.6399996504188       0.306000006839633     
   15.6599996499717       0.300000006705523     
   15.6799996495247       0.312000006973744     
   15.6999996490777       0.366000008180738     
   15.7199996486306       0.288000006437302     
   15.7399996481836       0.228000005096197     
   15.7599996477365       0.264000005900860     
   15.7799996472895       0.360000008046627     
   15.7999996468425       0.288000006437302     
   15.8199996463954       0.378000008448959     
   15.8399996459484       0.258000005766750     
   15.8599996455014       0.204000004559755     
   15.8799996450543       0.270000006034970     
   15.8999996446073       0.246000005498529     
   15.9199996441603       0.216000004827976     
   15.9399996437132       0.270000006034970     
   15.9599996432662       0.228000005096197     
   15.9799996428192       0.252000005632639     
   15.9999996423721       0.240000005364418     
   16.0199996419251       0.252000005632639     
   16.0399996414781       0.300000006705523     
   16.0599996410310       0.174000003889203     
   16.0799996405840       0.288000006437302     
   16.0999996401370       0.312000006973744     
   16.1199996396899       0.228000005096197     
   16.1399996392429       0.180000004023314     
   16.1599996387959       0.222000004962087     
   16.1799996383488       0.360000008046627     
   16.1999996379018       0.276000006169081     
   16.2199996374547       0.306000006839633     
   16.2399996370077       0.228000005096197     
   16.2599996365607       0.204000004559755     
   16.2799996361136       0.354000007912517     
   16.2999996356666       0.216000004827976     
   16.3199996352196       0.252000005632639     
   16.3399996347725       0.210000004693866     
   16.3599996343255       0.318000007107854     
   16.3799996338785       0.288000006437302     
   16.3999996334314       0.306000006839633     
   16.4199996329844       0.348000007778406     
   16.4399996325374       0.312000006973744     
   16.4599996320903       0.378000008448959     
   16.4799996316433       0.324000007241965     
   16.4999996311963       0.300000006705523     
   16.5199996307492       0.288000006437302     
   16.5399996303022       0.372000008314848     
   16.5599996298552       0.282000006303191     
   16.5799996294081       0.360000008046627     
   16.5999996289611       0.378000008448959     
   16.6199996285141       0.384000008583069     
   16.6399996280670       0.246000005498529     
   16.6599996276200       0.426000009521842     
   16.6799996271729       0.384000008583069     
   16.6999996267259       0.384000008583069     
   16.7199996262789       0.276000006169081     
   16.7399996258318       0.372000008314848     
   16.7599996253848       0.306000006839633     
   16.7799996249378       0.366000008180738     
   16.7999996244907       0.324000007241965     
   16.8199996240437       0.246000005498529     
   16.8399996235967       0.372000008314848     
   16.8599996231496       0.366000008180738     
   16.8799996227026       0.252000005632639     
   16.8999996222556       0.300000006705523     
   16.9199996218085       0.258000005766750     
   16.9399996213615       0.318000007107854     
   16.9599996209145       0.198000004425645     
   16.9799996204674       0.282000006303191     
   16.9999996200204       0.318000007107854     
   17.0199996195734       0.246000005498529     
   17.0399996191263       0.252000005632639     
   17.0599996186793       0.312000006973744     
   17.0799996182323       0.276000006169081     
   17.0999996177852       0.318000007107854     
   17.1199996173382       0.330000007376075     
   17.1399996168911       0.270000006034970     
   17.1599996164441       0.264000005900860     
   17.1799996159971       0.378000008448959     
   17.1999996155500       0.354000007912517     
   17.2199996151030       0.306000006839633     
   17.2399996146560       0.306000006839633     
   17.2599996142089       0.282000006303191     
   17.2799996137619       0.354000007912517     
   17.2999996133149       0.282000006303191     
   17.3199996128678       0.240000005364418     
   17.3399996124208       0.384000008583069     
   17.3599996119738       0.348000007778406     
   17.3799996115267       0.312000006973744     
   17.3999996110797       0.276000006169081     
   17.4199996106327       0.354000007912517     
   17.4399996101856       0.270000006034970     
   17.4599996097386       0.306000006839633     
   17.4799996092916       0.282000006303191     
   17.4999996088445       0.378000008448959     
   17.5199996083975       0.282000006303191     
   17.5399996079504       0.276000006169081     
   17.5599996075034       0.288000006437302     
   17.5799996070564       0.294000006571412     
   17.5999996066093       0.318000007107854     
   17.6199996061623       0.282000006303191     
   17.6399996057153       0.282000006303191     
   17.6599996052682       0.258000005766750     
   17.6799996048212       0.324000007241965     
   17.6999996043742       0.342000007644296     
   17.7199996039271       0.324000007241965     
   17.7399996034801       0.342000007644296     
   17.7599996030331       0.222000004962087     
   17.7799996025860       0.246000005498529     
   17.7999996021390       0.342000007644296     
   17.8199996016920       0.270000006034970     
   17.8399996012449       0.330000007376075     
   17.8599996007979       0.282000006303191     
   17.8799996003509       0.294000006571412     
   17.8999995999038       0.318000007107854     
   17.9199995994568       0.402000008985400     
   17.9399995990098       0.402000008985400     
   17.9599995985627       0.360000008046627     
   17.9799995981157       0.276000006169081     
   17.9999995976686       0.342000007644296     
   18.0199995972216       0.300000006705523     
   18.0399995967746       0.306000006839633     
   18.0599995963275       0.342000007644296     
   18.0799995958805       0.324000007241965     
   18.0999995954335       0.342000007644296     
   18.1199995949864       0.348000007778406     
   18.1399995945394       0.282000006303191     
   18.1599995940924       0.402000008985400     
   18.1799995936453       0.264000005900860     
   18.1999995931983       0.324000007241965     
   18.2199995927513       0.408000009119511     
   18.2399995923042       0.342000007644296     
   18.2599995918572       0.300000006705523     
   18.2799995914102       0.366000008180738     
   18.2999995909631       0.300000006705523     
   18.3199995905161       0.360000008046627     
   18.3399995900691       0.330000007376075     
   18.3599995896220       0.324000007241965     
   18.3799995891750       0.330000007376075     
   18.3999995887280       0.240000005364418     
   18.4199995882809       0.312000006973744     
   18.4399995878339       0.252000005632639     
   18.4599995873868       0.240000005364418     
   18.4799995869398       0.366000008180738     
   18.4999995864928       0.228000005096197     
   18.5199995860457       0.288000006437302     
   18.5399995855987       0.252000005632639     
   18.5599995851517       0.264000005900860     
   18.5799995847046       0.300000006705523     
   18.5999995842576       0.288000006437302     
   18.6199995838106       0.306000006839633     
   18.6399995833635       0.234000005230308     
   18.6599995829165       0.312000006973744     
   18.6799995824695       0.270000006034970     
   18.6999995820224       0.192000004291535     
   18.7199995815754       0.270000006034970     
   18.7399995811284       0.246000005498529     
   18.7599995806813       0.264000005900860     
   18.7799995802343       0.294000006571412     
   18.7999995797873       0.240000005364418     
   18.8199995793402       0.390000008717179     
   18.8399995788932       0.306000006839633     
   18.8599995784461       0.234000005230308     
   18.8799995779991       0.336000007510185     
   18.8999995775521       0.318000007107854     
   18.9199995771050       0.300000006705523     
   18.9399995766580       0.258000005766750     
   18.9599995762110       0.270000006034970     
   18.9799995757639       0.378000008448959     
   18.9999995753169       0.264000005900860     
   19.0199995748699       0.306000006839633     
   19.0399995744228       0.354000007912517     
   19.0599995739758       0.270000006034970     
   19.0799995735288       0.240000005364418     
   19.0999995730817       0.318000007107854     
   19.1199995726347       0.342000007644296     
   19.1399995721877       0.294000006571412     
   19.1599995717406       0.354000007912517     
   19.1799995712936       0.348000007778406     
   19.1999995708466       0.342000007644296     
   19.2199995703995       0.204000004559755     
   19.2399995699525       0.246000005498529     
   19.2599995695055       0.276000006169081     
   19.2799995690584       0.222000004962087     
   19.2999995686114       0.372000008314848     
   19.3199995681643       0.258000005766750     
   19.3399995677173       0.234000005230308     
   19.3599995672703       0.288000006437302     
   19.3799995668232       0.216000004827976     
   19.3999995663762       0.348000007778406     
   19.4199995659292       0.348000007778406     
   19.4399995654821       0.318000007107854     
   19.4599995650351       0.318000007107854     
   19.4799995645881       0.282000006303191     
   19.4999995641410       0.252000005632639     
   19.5199995636940       0.258000005766750     
   19.5399995632470       0.294000006571412     
   19.5599995627999       0.240000005364418     
   19.5799995623529       0.246000005498529     
   19.5999995619059       0.240000005364418     
   19.6199995614588       0.288000006437302     
   19.6399995610118       0.306000006839633     
   19.6599995605648       0.276000006169081     
   19.6799995601177       0.294000006571412     
   19.6999995596707       0.258000005766750     
   19.7199995592237       0.354000007912517     
   19.7399995587766       0.264000005900860     
   19.7599995583296       0.276000006169081     
   19.7799995578825       0.282000006303191     
   19.7999995574355       0.294000006571412     
   19.8199995569885       0.288000006437302     
   19.8399995565414       0.210000004693866     
   19.8599995560944       0.276000006169081     
   19.8799995556474       0.192000004291535     
   19.8999995552003       0.264000005900860     
   19.9199995547533       0.240000005364418     
   19.9399995543063       0.330000007376075     
   19.9599995538592       0.312000006973744     
   19.9799995534122       0.264000005900860     
   19.9999995529652       0.000000000000000E+000
