      1    12.026677    0.331306   12.357983    0.165653
      2    12.070432    0.757633   12.828065    0.378817
      3    12.134459    0.738015   12.872475    0.369008
      4    12.189669    0.746641   12.936310    0.373321
      5    12.207281    0.783179   12.990461    0.391590
      6    12.173889    0.832790   13.006679    0.416395
      7    12.099728    0.872654   12.972382    0.436327
      8    12.009732    0.888491   12.898224    0.444246
      9    11.926291    0.882630   12.808921    0.441315
     10    11.858680    0.867688   12.726368    0.433844
     11    11.802339    0.857067   12.659405    0.428533
     12    11.743981    0.859255   12.603236    0.429628
     13    11.669144    0.875436   12.544580    0.437718
     14    11.569410    0.899805   12.469214    0.449902
     15    11.445707    0.923331   12.369038    0.461665
     16    11.305878    0.939299   12.245177    0.469650
     17    11.158997    0.946472   12.105469    0.473236
     18    11.010725    0.948129   11.958854    0.474064
     19    10.861811    0.949026   11.810837    0.474513
     20    10.709294    0.952766   11.662060    0.476383
     21    10.548994    0.960545   11.509540    0.480273
     22    10.377875    0.971262   11.349137    0.485631
     23    10.195286    0.982607   11.177893    0.491303
     24    10.002762    0.992457   10.995219    0.496228
     25     9.802861    0.999814   10.802675    0.499907
     26     9.597900    1.004907   10.602807    0.502453
     27     9.389223    1.008674   10.397897    0.504337
     28     9.177165    1.012095   10.189260    0.506047
     29     8.961476    1.015739    9.977215    0.507869
     30     8.741861    1.019652    9.761513    0.509826
     31     8.518359    1.023511    9.541870    0.511755
     32     8.291444    1.026895    9.318339    0.513447
     33     8.061894    1.029510    9.091404    0.514755
     34     7.830559    1.031286    8.861845    0.515643
     35     7.598169    1.032342    8.630510    0.516171
     36     7.365239    1.032883    8.398122    0.516442
     37     7.132098    1.033094    8.165192    0.516547
     38     6.898970    1.033077    7.932047    0.516538
     39     6.666069    1.032842    7.698911    0.516421
     40     6.433655    1.032344    7.465999    0.516172
     41     6.202055    1.031520    7.233574    0.515760
     42     5.971639    1.030326    7.001965    0.515163
     43     5.742786    1.028757    6.771543    0.514379
     44     5.515849    1.026836    6.542685    0.513418
     45     5.291139    1.024605    6.315745    0.512303
     46     5.068922    1.022110    6.091032    0.511055
     47     4.849427    1.019384    5.868811    0.509692
     48     4.632861    1.016452    5.649314    0.508226
     49     4.419419    1.013326    5.432745    0.506663
     50     4.209291    1.010009    5.219300    0.505005
     51     4.002663    1.006507    5.009169    0.503253
     52     3.799716    1.002823    4.802539    0.501412
     53     3.600622    0.998969    4.599591    0.499484
     54     3.405540    0.994958    4.400497    0.497479
     55     3.214610    0.990805    4.205415    0.495403
     56     3.027957    0.986529    4.014486    0.493264
     57     2.845690    0.982145    3.827835    0.491072
     58     2.667901    0.977668    3.645569    0.488834
     59     2.494670    0.973113    3.467782    0.486556
     60     2.326063    0.968490    3.294554    0.484245
     61     2.162136    0.963813    3.125949    0.481906
     62     2.002935    0.959090    2.962026    0.479545
     63     1.848494    0.954333    2.802828    0.477167
     64     1.698837    0.949553    2.648390    0.474776
     65     1.553978    0.944759    2.498737    0.472380
     66     1.413916    0.939965    2.353881    0.469983
     67     1.278643    0.935181    2.213824    0.467590
     68     1.148139    0.930417    2.078556    0.465208
     69     1.022372    0.925683    1.948056    0.462842
     70     0.901303    0.920990    1.822294    0.460495
     71     0.784882    0.916347    1.701228    0.458173
     72     0.673053    0.911759    1.584812    0.455880
     73     0.565751    0.907236    1.472987    0.453618
     74     0.462905    0.902785    1.365690    0.451392
     75     0.364438    0.898411    1.262848    0.449205
     76     0.270265    0.894120    1.164385    0.447060
     77     0.180301    0.889916    1.070217    0.444958
     78     0.094452    0.885804    0.980256    0.442902
     79     0.012622    0.881789    0.894411    0.440894
     80    -0.065288    0.877873    0.812585    0.438936
     81    -0.139380    0.874059    0.734678    0.437029
     82    -0.209760    0.870349    0.660589    0.435175
     83    -0.276534    0.866745    0.590212    0.433373
     84    -0.339806    0.863248    0.523442    0.431624
     85    -0.399687    0.859859    0.460172    0.429930
     86    -0.456285    0.856578    0.400293    0.428289
     87    -0.509707    0.853405    0.343698    0.426703
     88    -0.560063    0.850341    0.290278    0.425170
     89    -0.607459    0.847383    0.239925    0.423692
     90    -0.652003    0.844533    0.192530    0.422267
     91    -0.693801    0.841789    0.147988    0.420894
     92    -0.732956    0.839148    0.106192    0.419574
     93    -0.769573    0.836610    0.067037    0.418305
     94    -0.803750    0.834173    0.030423    0.417086
     95    -0.835589    0.831835   -0.003754    0.415917
     96    -0.865185    0.829594   -0.035591    0.414797
     97    -0.892636    0.827449   -0.065187    0.413724
     98    -0.918033    0.825396   -0.092636    0.412698
     99    -0.941467    0.823434   -0.118033    0.411717
    100    -0.963027    0.821561   -0.141466    0.410780
    101    -0.982799    0.819773   -0.163026    0.409887
    102    -1.000867    0.818070   -0.182798    0.409035
    103    -1.017312    0.816447   -0.200865    0.408223
    104    -1.032212    0.814903   -0.217309    0.407451
    105    -1.045644    0.813435   -0.232209    0.406717
    106    -1.057681    0.812041   -0.245641    0.406020
    107    -1.068396    0.810718   -0.257678    0.405359
    108    -1.077856    0.809463   -0.268392    0.404732
    109    -1.086126    0.808274   -0.277852    0.404137
    110    -1.093271    0.807149   -0.286123    0.403574
    111    -1.099351    0.806084   -0.293268    0.403042
    112    -1.104424    0.805076   -0.299348    0.402538
    113    -1.108543    0.804123   -0.304420    0.402061
    114    -1.111761    0.803222   -0.308539    0.401611
    115    -1.114127    0.802369   -0.311758    0.401185
    116    -1.115686    0.801562   -0.314124    0.400781
    117    -1.116482    0.800799   -0.315683    0.400399
    118    -1.116553    0.800074   -0.316479    0.400037
    119    -1.115935    0.799385   -0.316550    0.399692
    120    -1.114661    0.798728   -0.315932    0.399364
    121    -1.112760    0.798102   -0.314659    0.399051
    122    -1.110259    0.797501   -0.312758    0.398750
    123    -1.107182    0.796924   -0.310257    0.398462
    124    -1.103550    0.796371   -0.307180    0.398185
    125    -1.099388    0.795839   -0.303549    0.397920
    126    -1.094717    0.795331   -0.299386    0.397666
    127    -1.089566    0.794852   -0.294714    0.397426
    128    -1.083970    0.794407   -0.289563    0.397204
    129    -1.077972    0.794006   -0.283966    0.397003
    130    -1.071627    0.793660   -0.277967    0.396830
    131    -1.065004    0.793382   -0.271622    0.396691
    132    -1.058177    0.793179   -0.264999    0.396589
    133    -1.051228    0.793056   -0.258172    0.396528
    134    -1.044235    0.793011   -0.251224    0.396506
    135    -1.037264    0.793032   -0.244233    0.396516
    136    -1.030360    0.793097   -0.237263    0.396549
    137    -1.023544    0.793184   -0.230360    0.396592
    138    -1.016817    0.793272   -0.223545    0.396636
    139    -1.010159    0.793340   -0.216819    0.396670
    140    -1.003540    0.793379   -0.210161    0.396690
    141    -0.996927    0.793385   -0.203542    0.396693
    142    -0.990288    0.793361   -0.196928    0.396680
    143    -0.983598    0.793309   -0.190290    0.396654
    144    -0.976831    0.793232   -0.183599    0.396616
    145    -0.969965    0.793133   -0.176832    0.396567
    146    -0.962981    0.793014   -0.169967    0.396507
    147    -0.955857    0.792875   -0.162982    0.396438
    148    -0.948576    0.792717   -0.155859    0.396358
    149    -0.941116    0.792539   -0.148577    0.396270
    150    -0.933463    0.792346   -0.141117    0.396173
    151    -0.925605    0.792141   -0.133464    0.396071
    152    -0.917536    0.791931   -0.125605    0.395965
    153    -0.909258    0.791722   -0.117536    0.395861
    154    -0.900783    0.791525   -0.109257    0.395763
    155    -0.892129    0.791348   -0.100782    0.395674
    156    -0.883326    0.791198   -0.092128    0.395599
    157    -0.874409    0.791086   -0.083323    0.395543
    158    -0.865427    0.791021   -0.074406    0.395510
    159    -0.856435    0.791012   -0.065423    0.395506
    160    -0.847496    0.791064   -0.056431    0.395532
    161    -0.838674    0.791182   -0.047492    0.395591
    162    -0.830037    0.791366   -0.038670    0.395683
    163    -0.821645    0.791611   -0.030034    0.395806
    164    -0.813553    0.791910   -0.021642    0.395955
    165    -0.805806    0.792255   -0.013551    0.396127
    166    -0.798436    0.792631   -0.005805    0.396316
    167    -0.791459    0.793022    0.001563    0.396511
    168    -0.784874    0.793414    0.008539    0.396707
    169    -0.778670    0.793793    0.015124    0.396897
    170    -0.772819    0.794146    0.021328    0.397073
    171    -0.767284    0.794462    0.027178    0.397231
    172    -0.762020    0.794732    0.032712    0.397366
    173    -0.756973    0.794949    0.037976    0.397475
    174    -0.752087    0.795110    0.043023    0.397555
    175    -0.747303    0.795213    0.047909    0.397606
    176    -0.742565    0.795257    0.052692    0.397628
    177    -0.737811    0.795242    0.057432    0.397621
    178    -0.732989    0.795175    0.062186    0.397587
    179    -0.728050    0.795058    0.067009    0.397529
    180    -0.722955    0.794904    0.071948    0.397452
    181    -0.717685    0.794729    0.077044    0.397365
    182    -0.712240    0.794556    0.082317    0.397278
    183    -0.706649    0.794413    0.087764    0.397207
    184    -0.700974    0.794331    0.093356    0.397165
    185    -0.695307    0.794340    0.099034    0.397170
    186    -0.689769    0.794471    0.104702    0.397236
    187    -0.684501    0.794742    0.110240    0.397371
    188    -0.679650    0.795157    0.115507    0.397578
    189    -0.675345    0.795701    0.120357    0.397851
    190    -0.671683    0.796342    0.124659    0.398171
    191    -0.668714    0.797030    0.128317    0.398515
    192    -0.666431    0.797714    0.131283    0.398857
    193    -0.664780    0.798343    0.133563    0.399171
    194    -0.663665    0.798878    0.135213    0.399439
    195    -0.662972    0.799300    0.136328    0.399650
    196    -0.662582    0.799604    0.137022    0.399802
    197    -0.662391    0.799803    0.137412    0.399901
    198    -0.662309    0.799915    0.137606    0.399957
    199    -0.662270    0.799959    0.137689    0.399979
    200    -0.662224    0.799952    0.137728    0.399976
    201    -0.662135    0.799909    0.137774    0.399955
    202    -0.661978    0.799842    0.137864    0.399921
    203    -0.661734    0.799755    0.138022    0.399878
    204    -0.661390    0.799655    0.138266    0.399828
    205    -0.660935    0.799545    0.138610    0.399772
    206    -0.660364    0.799429    0.139065    0.399715
    207    -0.659679    0.799314    0.139636    0.399657
    208    -0.658884    0.799206    0.140322    0.399603
    209    -0.658000    0.799117    0.141117    0.399559
    210    -0.657061    0.799064    0.142003    0.399532
    211    -0.656120    0.799062    0.142943    0.399531
    212    -0.655244    0.799130    0.143885    0.399565
    213    -0.654520    0.799281    0.144761    0.399641
    214    -0.654040    0.799526    0.145486    0.399763
    215    -0.653895    0.799860    0.145964    0.399930
    216    -0.654156    0.800263    0.146107    0.400131
    217    -0.654861    0.800705    0.145845    0.400353
    218    -0.656010    0.801148    0.145137    0.400574
    219    -0.657565    0.801549    0.143985    0.400775
    220    -0.659447    0.801876    0.142429    0.400938
    221    -0.661554    0.802100    0.140546    0.401050
    222    -0.663771    0.802210    0.138439    0.401105
    223    -0.665983    0.802205    0.136223    0.401103
    224    -0.668083    0.802095    0.134013    0.401048
    225    -0.669985    0.801900    0.131914    0.400950
    226    -0.671634    0.801648    0.130014    0.400824
    227    -0.673004    0.801371    0.128367    0.400686
    228    -0.674102    0.801100    0.126998    0.400550
    229    -0.674955    0.800857    0.125902    0.400428
    230    -0.675606    0.800654    0.125048    0.400327
    231    -0.676093    0.800490    0.124397    0.400245
    232    -0.676447    0.800355    0.123908    0.400177
    233    -0.676678    0.800231    0.123553    0.400116
    234    -0.676779    0.800101    0.123321    0.400050
    235    -0.676731    0.799951    0.123220    0.399975
    236    -0.676509    0.799777    0.123268    0.399888
    237    -0.676087    0.799578    0.123491    0.399789
    238    -0.675448    0.799361    0.123913    0.399680
    239    -0.674583    0.799135    0.124552    0.399567
    240    -0.673490    0.798908    0.125418    0.399454
    241    -0.672176    0.798687    0.126511    0.399343
    242    -0.670651    0.798476    0.127826    0.399238
    243    -0.668931    0.798281    0.129350    0.399141
    244    -0.667036    0.798106    0.131070    0.399053
    245    -0.664990    0.797955    0.132965    0.398978
    246    -0.662821    0.797833    0.135012    0.398917
    247    -0.660565    0.797746    0.137181    0.398873
    248    -0.658259    0.797697    0.139438    0.398849
    249    -0.655950    0.797693    0.141744    0.398847
    250    -0.653684    0.797738    0.144054    0.398869
    251    -0.651513    0.797832    0.146319    0.398916
    252    -0.649484    0.797974    0.148490    0.398987
    253    -0.647646    0.798166    0.150519    0.399083
    254    -0.646048    0.798405    0.152357    0.399203
    255    -0.644739    0.798693    0.153954    0.399347
    256    -0.643765    0.799029    0.155264    0.399514
    257    -0.643170    0.799408    0.156237    0.399704
    258    -0.642990    0.799821    0.156831    0.399911
    259    -0.643244    0.800255    0.157011    0.400127
    260    -0.643934    0.800689    0.156755    0.400345
    261    -0.645037    0.801100    0.156063    0.400550
    262    -0.646505    0.801465    0.154959    0.400732
    263    -0.648275    0.801765    0.153490    0.400882
    264    -0.650266    0.801986    0.151720    0.400993
    265    -0.652390    0.802119    0.149729    0.401060
    266    -0.654559    0.802163    0.147604    0.401082
    267    -0.656688    0.802124    0.145436    0.401062
    268    -0.658701    0.802010    0.143309    0.401005
    269    -0.660538    0.801834    0.141297    0.400917
    270    -0.662154    0.801614    0.139461    0.400807
    271    -0.663523    0.801369    0.137846    0.400685
    272    -0.664640    0.801117    0.136478    0.400559
    273    -0.665515    0.800877    0.135362    0.400439
    274    -0.666179    0.800666    0.134487    0.400333
    275    -0.666674    0.800498    0.133824    0.400249
    276    -0.667052    0.800382    0.133330    0.400191
    277    -0.667370    0.800322    0.132952    0.400161
    278    -0.667687    0.800320    0.132633    0.400160
    279    -0.668057    0.800372    0.132315    0.400186
    280    -0.668522    0.800468    0.131945    0.400234
    281    -0.669115    0.800594    0.131479    0.400297
    282    -0.669853    0.800739    0.130885    0.400369
    283    -0.670741    0.800887    0.130146    0.400443
    284    -0.671767    0.801025    0.129258    0.400512
    285    -0.672909    0.801141    0.128232    0.400570
    286    -0.674137    0.801226    0.127089    0.400613
    287    -0.675413    0.801273    0.125860    0.400636
    288    -0.676690    0.801275    0.124585    0.400637
    289    -0.677924    0.801231    0.123307    0.400615
    290    -0.679067    0.801141    0.122074    0.400570
    291    -0.680077    0.801008    0.120931    0.400504
    292    -0.680918    0.800840    0.119921    0.400420
    293    -0.681561    0.800641    0.119080    0.400320
    294    -0.681981    0.800419    0.118438    0.400209
    295    -0.682166    0.800185    0.118018    0.400092
    296    -0.682113    0.799947    0.117834    0.399974
    297    -0.681831    0.799719    0.117888    0.399860
    298    -0.681341    0.799513    0.118171    0.399756
    299    -0.680678    0.799339    0.118661    0.399670
    300    -0.679886    0.799211    0.119325    0.399606
    301    -0.679019    0.799136    0.120117    0.399568
    302    -0.678132    0.799116    0.120984    0.399558
    303    -0.677278    0.799148    0.121870    0.399574
    304    -0.676500    0.799223    0.122723    0.399612
    305    -0.675822    0.799321    0.123499    0.399660
    306    -0.675242    0.799417    0.124175    0.399708
    307    -0.674731    0.799483    0.124753    0.399742
    308    -0.674227    0.799489    0.125262    0.399745
    309    -0.673646    0.799411    0.125765    0.399706
    310    -0.672891    0.799237    0.126346    0.399618
    311    -0.671862    0.798964    0.127102    0.399482
    312    -0.670474    0.798607    0.128134    0.399304
    313    -0.668678    0.798203    0.129525    0.399101
    314    -0.666479    0.797804    0.131325    0.398902
    315    -0.663956    0.797487    0.133530    0.398743
    316    -0.661276    0.797335    0.136058    0.398667
    317    -0.658690    0.797433    0.138743    0.398716
    318    -0.656511    0.797841    0.141330    0.398920
    319    -0.655061    0.798566    0.143506    0.399283
    320    -0.654599    0.799547    0.144948    0.399774
    321    -0.655258    0.800657    0.145399    0.400328
    322    -0.657005    0.801736    0.144731    0.400868
    323    -0.659660    0.802638    0.142978    0.401319
    324    -0.662944    0.803266    0.140322    0.401633
    325    -0.666553    0.803593    0.137040    0.401797
    326    -0.670213    0.803648    0.133435    0.401824
    327    -0.673713    0.803494    0.129780    0.401747
    328    -0.676917    0.803201    0.126284    0.401601
    329    -0.679752    0.802835    0.123083    0.401418
    330    -0.682195    0.802445    0.120251    0.401223
    331    -0.684259    0.802068    0.117809    0.401034
    332    -0.685979    0.801725    0.115746    0.400863
    333    -0.687408    0.801433    0.114026    0.400717
    334    -0.688607    0.801205    0.112598    0.400602
    335    -0.689648    0.801047    0.111399    0.400523
    336    -0.690609    0.800966    0.110357    0.400483
    337    -0.691567    0.800964    0.109397    0.400482
    338    -0.692601    0.801038    0.108438    0.400519
    339    -0.693775    0.801178    0.107403    0.400589
    340    -0.695140    0.801367    0.106227    0.400683
    341    -0.696721    0.801581    0.104861    0.400791
    342    -0.698514    0.801792    0.103278    0.400896
    343    -0.700485    0.801968    0.101482    0.400984
    344    -0.702572    0.802081    0.099510    0.401041
    345    -0.704691    0.802114    0.097423    0.401057
    346    -0.706753    0.802056    0.095304    0.401028
    347    -0.708666    0.801908    0.093242    0.400954
    348    -0.710349    0.801679    0.091330    0.400839
    349    -0.711739    0.801388    0.089649    0.400694
    350    -0.712795    0.801055    0.088260    0.400527
    351    -0.713498    0.800705    0.087206    0.400352
    352    -0.713856    0.800359    0.086503    0.400179
    353    -0.713889    0.800036    0.086147    0.400018
    354    -0.713638    0.799752    0.086114    0.399876
    355    -0.713151    0.799517    0.086366    0.399758
    356    -0.712486    0.799339    0.086853    0.399669
    357    -0.711702    0.799220    0.087518    0.399610
    358    -0.710859    0.799161    0.088302    0.399580
    359    -0.710014    0.799158    0.089144    0.399579
    360    -0.709223    0.799212    0.089989    0.399606
    361    -0.708536    0.799315    0.090779    0.399657
    362    -0.707993    0.799460    0.091466    0.399730
    363    -0.707630    0.799637    0.092008    0.399819
    364    -0.707467    0.799837    0.092370    0.399919
    365    -0.707512    0.800045    0.092533    0.400023
    366    -0.707759    0.800246    0.092487    0.400123
    367    -0.708189    0.800428    0.092239    0.400214
    368    -0.708770    0.800578    0.091808    0.400289
    369    -0.709462    0.800689    0.091227    0.400344
    370    -0.710218    0.800754    0.090536    0.400377
    371    -0.710993    0.800773    0.089780    0.400387
    372    -0.711744    0.800748    0.089005    0.400374
    373    -0.712434    0.800688    0.088255    0.400344
    374    -0.713038    0.800603    0.087566    0.400302
    375    -0.713542    0.800504    0.086962    0.400252
    376    -0.713942    0.800401    0.086458    0.400200
    377    -0.714242    0.800300    0.086058    0.400150
    378    -0.714446    0.800205    0.085758    0.400102
    379    -0.714560    0.800114    0.085554    0.400057
    380    -0.714583    0.800023    0.085440    0.400012
    381    -0.714509    0.799925    0.085416    0.399963
    382    -0.714326    0.799815    0.085490    0.399908
    383    -0.714017    0.799691    0.085674    0.399845
    384    -0.713570    0.799553    0.085982    0.399776
    385    -0.712976    0.799406    0.086429    0.399703
    386    -0.712232    0.799256    0.087024    0.399628
    387    -0.711343    0.799113    0.087769    0.399556
    388    -0.710327    0.798985    0.088658    0.399493
    389    -0.709204    0.798878    0.089674    0.399439
    390    -0.707994    0.798791    0.090797    0.399396
    391    -0.706717    0.798723    0.092006    0.399362
    392    -0.705389    0.798671    0.093283    0.399336
    393    -0.704019    0.798631    0.094612    0.399316
    394    -0.702620    0.798601    0.095981    0.399300
    395    -0.701202    0.798583    0.097381    0.399291
    396    -0.699784    0.798584    0.098799    0.399292
    397    -0.698394    0.798611    0.100218    0.399306
    398    -0.697066    0.798675    0.101609    0.399338
    399    -0.695846    0.798783    0.102937    0.399392
    400    -0.694784    0.798941    0.104157    0.399470
    401    -0.693931    0.799149    0.105218    0.399575
    402    -0.693330    0.799401    0.106071    0.399700
    403    -0.693011    0.799682    0.106671    0.399841
    404    -0.692989    0.799978    0.106989    0.399989
    405    -0.693264    0.800275    0.107011    0.400137
    406    -0.693824    0.800558    0.106734    0.400279
    407    -0.694645    0.800819    0.106174    0.400409
    408    -0.695698    0.801052    0.105354    0.400526
    409    -0.696955    0.801255    0.104300    0.400628
    410    -0.698384    0.801428    0.103044    0.400714
    411    -0.699958    0.801573    0.101614    0.400786
    412    -0.701650    0.801690    0.100040    0.400845
    413    -0.703433    0.801781    0.098348    0.400891
    414    -0.705280    0.801845    0.096565    0.400922
    415    -0.707159    0.801877    0.094718    0.400939
    416    -0.709037    0.801876    0.092839    0.400938
    417    -0.710879    0.801839    0.090960    0.400920
    418    -0.712646    0.801765    0.089119    0.400882
    419    -0.714302    0.801654    0.087352    0.400827
    420    -0.715818    0.801514    0.085696    0.400757
    421    -0.717168    0.801349    0.084181    0.400675
    422    -0.718340    0.801171    0.082831    0.400585
    423    -0.719327    0.800987    0.081660    0.400494
    424    -0.720135    0.800808    0.080673    0.400404
    425    -0.720777    0.800643    0.079866    0.400321
    426    -0.721272    0.800496    0.079224    0.400248
    427    -0.721639    0.800368    0.078730    0.400184
    428    -0.721898    0.800260    0.078362    0.400130
    429    -0.722069    0.800171    0.078103    0.400086
    430    -0.722169    0.800101    0.077931    0.400050
    431    -0.722213    0.800045    0.077832    0.400023
    432    -0.722219    0.800006    0.077787    0.400003
    433    -0.722206    0.799989    0.077783    0.399994
    434    -0.722201    0.799996    0.077796    0.399998
    435    -0.722232    0.800034    0.077801    0.400017
    436    -0.722335    0.800104    0.077769    0.400052
    437    -0.722539    0.800205    0.077666    0.400103
    438    -0.722867    0.800329    0.077462    0.400164
    439    -0.723332    0.800465    0.077133    0.400232
    440    -0.723932    0.800598    0.076666    0.400299
    441    -0.724650    0.800716    0.076066    0.400358
    442    -0.725459    0.800806    0.075347    0.400403
    443    -0.726324    0.800863    0.074539    0.400431
    444    -0.727211    0.800884    0.073673    0.400442
    445    -0.728083    0.800870    0.072787    0.400435
    446    -0.728913    0.800828    0.071915    0.400414
    447    -0.729678    0.800764    0.071085    0.400382
    448    -0.730359    0.800679    0.070320    0.400339
    449    -0.730936    0.800576    0.069640    0.400288
    450    -0.731395    0.800457    0.069062    0.400228
    451    -0.731720    0.800323    0.068603    0.400162
    452    -0.731899    0.800178    0.068279    0.400089
    453    -0.731927    0.800028    0.068101    0.400014
    454    -0.731812    0.799886    0.068074    0.399943
    455    -0.731579    0.799770    0.068191    0.399885
    456    -0.731271    0.799695    0.068424    0.399847
    457    -0.730943    0.799675    0.068732    0.399838
    458    -0.730655    0.799716    0.069061    0.399858
    459    -0.730465    0.799813    0.069348    0.399906
    460    -0.730418    0.799955    0.069536    0.399977
    461    -0.730538    0.800119    0.069582    0.400060
    462    -0.730824    0.800284    0.069460    0.400142
    463    -0.731251    0.800425    0.069174    0.400213
    464    -0.731780    0.800525    0.068746    0.400263
    465    -0.732358    0.800575    0.068217    0.400287
    466    -0.732932    0.800570    0.067639    0.400285
    467    -0.733455    0.800521    0.067066    0.400261
    468    -0.733898    0.800442    0.066545    0.400221
    469    -0.734252    0.800356    0.066103    0.400178
    470    -0.734536    0.800286    0.065751    0.400143
    471    -0.734788    0.800257    0.065469    0.400128
    472    -0.735069    0.800286    0.065217    0.400143
    473    -0.735445    0.800380    0.064935    0.400190
    474    -0.735974    0.800532    0.064558    0.400266
    475    -0.736693    0.800720    0.064027    0.400360
    476    -0.737609    0.800914    0.063305    0.400457
    477    -0.738691    0.801079    0.062388    0.400540
    478    -0.739884    0.801189    0.061305    0.400594
    479    -0.741115    0.801226    0.060111    0.400613
    480    -0.742303    0.801184    0.058881    0.400592
    481    -0.743376    0.801070    0.057694    0.400535
    482    -0.744277    0.800899    0.056622    0.400449
    483    -0.744967    0.800690    0.055723    0.400345
    484    -0.745429    0.800462    0.055033    0.400231
    485    -0.745659    0.800230    0.054571    0.400115
    486    -0.745663    0.800005    0.054342    0.400003
    487    -0.745456    0.799793    0.054337    0.399897
    488    -0.745052    0.799596    0.054544    0.399798
    489    -0.744463    0.799411    0.054948    0.399706
    490    -0.743697    0.799234    0.055537    0.399617
    491    -0.742758    0.799060    0.056302    0.399530
    492    -0.741643    0.798885    0.057241    0.399442
    493    -0.740352    0.798707    0.058356    0.399354
    494    -0.738882    0.798529    0.059648    0.399265
    495    -0.737239    0.798357    0.061118    0.399179
    496    -0.735442    0.798204    0.062762    0.399102
    497    -0.733524    0.798084    0.064560    0.399042
    498    -0.731538    0.798019    0.066480    0.399009
    499    -0.729561    0.798027    0.068466    0.399014
    500    -0.727682    0.798126    0.070444    0.399063
    501    -0.725994    0.798316    0.072322    0.399158
    502    -0.724577    0.798586    0.074009    0.399293
    503    -0.723485    0.798908    0.075423    0.399454
    504    -0.722732    0.799245    0.076513    0.399623
    505    -0.722299    0.799564    0.077265    0.399782
    506    -0.722147    0.799844    0.077698    0.399922
    507    -0.722231    0.800083    0.077852    0.400042
    508    -0.722522    0.800290    0.077768    0.400145
    509    -0.722998    0.800477    0.077478    0.400238
    510    -0.723652    0.800654    0.077002    0.400327
    511    -0.724470    0.800817    0.076347    0.400409
    512    -0.725427    0.800955    0.075527    0.400477
    513    -0.726479    0.801048    0.074570    0.400524
    514    -0.727565    0.801084    0.073518    0.400542
    515    -0.728626    0.801058    0.072432    0.400529
    516    -0.729608    0.800981    0.071372    0.400490
    517    -0.730476    0.800867    0.070392    0.400434
    518    -0.731216    0.800741    0.069525    0.400371
    519    -0.731840    0.800626    0.068786    0.400313
    520    -0.732377    0.800541    0.068164    0.400270
    521    -0.732872    0.800499    0.067626    0.400249
    522    -0.733371    0.800502    0.067131    0.400251
    523    -0.733916    0.800547    0.066631    0.400273
    524    -0.734532    0.800617    0.066085    0.400309
    525    -0.735231    0.800699    0.065468    0.400349
    526    -0.736006    0.800774    0.064768    0.400387
    527    -0.736836    0.800827    0.063992    0.400414
    528    -0.737691    0.800853    0.063162    0.400427
    529    -0.738547    0.800855    0.062308    0.400427
    530    -0.739392    0.800845    0.061453    0.400423
    531    -0.740232    0.800841    0.060609    0.400420
    532    -0.741090    0.800860    0.059770    0.400430
    533    -0.742009    0.800924    0.058914    0.400462
    534    -0.743046    0.801040    0.057994    0.400520
    535    -0.744250    0.801207    0.056957    0.400603
    536    -0.745657    0.801408    0.055751    0.400704
    537    -0.747272    0.801613    0.054342    0.400807
    538    -0.749064    0.801788    0.052725    0.400894
    539    -0.750970    0.801901    0.050931    0.400950
    540    -0.752902    0.801926    0.049024    0.400963
    541    -0.754765    0.801858    0.047093    0.400929
    542    -0.756472    0.801703    0.045231    0.400851
    543    -0.757955    0.801482    0.043526    0.400741
    544    -0.759174    0.801219    0.042045    0.400610
    545    -0.760117    0.800945    0.040827    0.400472
    546    -0.760797    0.800682    0.039885    0.400341
    547    -0.761244    0.800450    0.039207    0.400225
    548    -0.761502    0.800262    0.038760    0.400131
    549    -0.761624    0.800126    0.038502    0.400063
    550    -0.761663    0.800042    0.038379    0.400021
    551    -0.761666    0.800005    0.038340    0.400003
    552    -0.761670    0.800007    0.038337    0.400004
    553    -0.761706    0.800037    0.038331    0.400019
    554    -0.761788    0.800082    0.038294    0.400041
    555    -0.761919    0.800130    0.038211    0.400065
    556    -0.762090    0.800170    0.038080    0.400085
    557    -0.762284    0.800193    0.037908    0.400096
    558    -0.762476    0.800190    0.037714    0.400095
    559    -0.762635    0.800157    0.037522    0.400078
    560    -0.762727    0.800090    0.037363    0.400045
    561    -0.762720    0.799990    0.037270    0.399995
    562    -0.762581    0.799859    0.037278    0.399929
    563    -0.762284    0.799701    0.037417    0.399851
    564    -0.761809    0.799524    0.037715    0.399762
    565    -0.761147    0.799338    0.038191    0.399669
    566    -0.760305    0.799159    0.038854    0.399579
    567    -0.759304    0.799001    0.039697    0.399501
    568    -0.758184    0.798883    0.040699    0.399442
    569    -0.757001    0.798822    0.041820    0.399411
    570    -0.755829    0.798832    0.043003    0.399416
    571    -0.754744    0.798920    0.044176    0.399460
    572    -0.753824    0.799084    0.045260    0.399542
    573    -0.753131    0.799310    0.046179    0.399655
    574    -0.752709    0.799579    0.046870    0.399789
    575    -0.752572    0.799861    0.047289    0.399931
    576    -0.752703    0.800128    0.047425    0.400064
    577    -0.753063    0.800357    0.047293    0.400178
    578    -0.753599    0.800531    0.046932    0.400266
    579    -0.754253    0.800650    0.046397    0.400325
    580    -0.754971    0.800715    0.045745    0.400358
    581    -0.755712    0.800739    0.045027    0.400370
    582    -0.756449    0.800736    0.044287    0.400368
    583    -0.757170    0.800720    0.043550    0.400360
    584    -0.757869    0.800699    0.042830    0.400350
    585    -0.758546    0.800677    0.042130    0.400338
    586    -0.759199    0.800652    0.041453    0.400326
    587    -0.759819    0.800619    0.040800    0.400310
    588    -0.760394    0.800573    0.040179    0.400287
    589    -0.760906    0.800510    0.039605    0.400255
    590    -0.761337    0.800430    0.039093    0.400215
    591    -0.761670    0.800331    0.038662    0.400166
    592    -0.761889    0.800218    0.038329    0.400109
    593    -0.761985    0.800095    0.038110    0.400047
    594    -0.761947    0.799961    0.038014    0.399981
    595    -0.761764    0.799816    0.038052    0.399908
    596    -0.761431    0.799665    0.038234    0.399832
    597    -0.760940    0.799508    0.038569    0.399754
    598    -0.760297    0.799358    0.039061    0.399679
    599    -0.759530    0.799235    0.039705    0.399617
    600    -0.758685    0.799159    0.040474    0.399580
    601    -0.757832    0.799151    0.041319    0.399576
    602    -0.757051    0.799223    0.042172    0.399612
    603    -0.756420    0.799373    0.042952    0.399686
    604    -0.755999    0.799580    0.043581    0.399790
    605    -0.755814    0.799813    0.044000    0.399907
    606    -0.755850    0.800033    0.044183    0.400016
    607    -0.756056    0.800201    0.044144    0.400100
    608    -0.756350    0.800287    0.043937    0.400144
    609    -0.756631    0.800275    0.043643    0.400137
    610    -0.756799    0.800162    0.043363    0.400081
    611    -0.756768    0.799965    0.043197    0.399983
    612    -0.756482    0.799713    0.043231    0.399856
    613    -0.755919    0.799439    0.043520    0.399719
    614    -0.755093    0.799177    0.044084    0.399588
    615    -0.754044    0.798955    0.044911    0.399477
    616    -0.752831    0.798792    0.045961    0.399396
    617    -0.751522    0.798695    0.047173    0.399348
    618    -0.750181    0.798663    0.048482    0.399331
    619    -0.748868    0.798690    0.049822    0.399345
    620    -0.747639    0.798774    0.051136    0.399387
    621    -0.746550    0.798915    0.052365    0.399458
    622    -0.745667    0.799121    0.053454    0.399560
    623    -0.745053    0.799390    0.054337    0.399695
    624    -0.744764    0.799713    0.054949    0.399856
    625    -0.744827    0.800064    0.055236    0.400032
    626    -0.745233    0.800403    0.055170    0.400201
    627    -0.745926    0.800688    0.054762    0.400344
    628    -0.746817    0.800885    0.054067    0.400442
    629    -0.747798    0.800975    0.053176    0.400487
    630    -0.748762    0.800958    0.052197    0.400479
    631    -0.749616    0.800852    0.051236    0.400426
    632    -0.750294    0.800676    0.050382    0.400338
    633    -0.750749    0.800455    0.049706    0.400227
    634    -0.750956    0.800208    0.049251    0.400104
    635    -0.750907    0.799952    0.049045    0.399976
    636    -0.750609    0.799704    0.049095    0.399852
    637    -0.750084    0.799478    0.049394    0.399739
    638    -0.749367    0.799288    0.049920    0.399644
    639    -0.748509    0.799146    0.050637    0.399573
    640    -0.747567    0.799063    0.051496    0.399531
    641    -0.746606    0.799044    0.052438    0.399522
    642    -0.745693    0.799091    0.053399    0.399546
    643    -0.744887    0.799198    0.054311    0.399599
    644    -0.744238    0.799353    0.055115    0.399676
    645    -0.743774    0.799537    0.055763    0.399769
    646    -0.743505    0.799731    0.056226    0.399865
    647    -0.743421    0.799915    0.056494    0.399958
    648    -0.743497    0.800073    0.056576    0.400037
    649    -0.743691    0.800192    0.056500    0.400096
    650    -0.743958    0.800263    0.056306    0.400132
    651    -0.744248    0.800288    0.056040    0.400144
    652    -0.744519    0.800269    0.055750    0.400134
    653    -0.744736    0.800216    0.055480    0.400108
    654    -0.744877    0.800141    0.055264    0.400070
    655    -0.744933    0.800057    0.055124    0.400028
    656    -0.744911    0.799979    0.055069    0.399990
    657    -0.744829    0.799920    0.055091    0.399960
    658    -0.744715    0.799888    0.055173    0.399944
    659    -0.744604    0.799891    0.055287    0.399945
    660    -0.744530    0.799928    0.055398    0.399964
    661    -0.744525    0.799997    0.055472    0.399998
    662    -0.744612    0.800088    0.055476    0.400044
    663    -0.744805    0.800192    0.055387    0.400096
    664    -0.745101    0.800296    0.055195    0.400148
    665    -0.745490    0.800388    0.054898    0.400194
    666    -0.745951    0.800459    0.054508    0.400230
    667    -0.746458    0.800506    0.054048    0.400253
    668    -0.746989    0.800529    0.053540    0.400264
    669    -0.747520    0.800531    0.053011    0.400266
    670    -0.748040    0.800519    0.052479    0.400259
    671    -0.748539    0.800499    0.051960    0.400250
    672    -0.749018    0.800480    0.051462    0.400240
    673    -0.749485    0.800467    0.050983    0.400234
    674    -0.749951    0.800467    0.050516    0.400234
    675    -0.750431    0.800480    0.050049    0.400240
    676    -0.750931    0.800500    0.049569    0.400250
    677    -0.751453    0.800521    0.049068    0.400260
    678    -0.751983    0.800528    0.048546    0.400264
    679    -0.752495    0.800509    0.048014    0.400254
    680    -0.752949    0.800451    0.047502    0.400225
    681    -0.753297    0.800345    0.047048    0.400172
    682    -0.753487    0.800187    0.046700    0.400093
    683    -0.753469    0.799981    0.046512    0.399991
    684    -0.753208    0.799737    0.046529    0.399868
    685    -0.752673    0.799465    0.046792    0.399732
    686    -0.751855    0.799182    0.047327    0.399591
    687    -0.750759    0.798905    0.048146    0.399452
    688    -0.749407    0.798651    0.049243    0.399325
    689    -0.747840    0.798436    0.050596    0.399218
    690    -0.746111    0.798276    0.052164    0.399138
    691    -0.744289    0.798182    0.053893    0.399091
    692    -0.742447    0.798163    0.055716    0.399081
    693    -0.740665    0.798223    0.057558    0.399111
    694    -0.739022    0.798361    0.059338    0.399180
    695    -0.737584    0.798565    0.060981    0.399283
    696    -0.736403    0.798820    0.062417    0.399410
    697    -0.735508    0.799105    0.063597    0.399553
    698    -0.734906    0.799396    0.064490    0.399698
    699    -0.734582    0.799674    0.065092    0.399837
    700    -0.734507    0.799923    0.065416    0.399961
    701    -0.734645    0.800136    0.065491    0.400068
    702    -0.734963    0.800316    0.065353    0.400158
    703    -0.735431    0.800467    0.065036    0.400234
    704    -0.736030    0.800599    0.064568    0.400299
    705    -0.736749    0.800719    0.063970    0.400360
    706    -0.737584    0.800835    0.063250    0.400417
    707    -0.738532    0.800947    0.062415    0.400473
    708    -0.739581    0.801049    0.061468    0.400525
    709    -0.740719    0.801137    0.060417    0.400568
    710    -0.741920    0.801198    0.059279    0.400599
    711    -0.743145    0.801222    0.058077    0.400611
    712    -0.744352    0.801204    0.056852    0.400602
    713    -0.745494    0.801139    0.055645    0.400570
    714    -0.746527    0.801030    0.054502    0.400515
    715    -0.747408    0.800879    0.053471    0.400439
    716    -0.748104    0.800694    0.052590    0.400347
    717    -0.748587    0.800482    0.051895    0.400241
    718    -0.748841    0.800253    0.051412    0.400126
    719    -0.748856    0.800014    0.051158    0.400007
    720    -0.748629    0.799773    0.051143    0.399886
    721    -0.748163    0.799534    0.051371    0.399767
    722    -0.747467    0.799306    0.051838    0.399653
    723    -0.746564    0.799098    0.052534    0.399549
    724    -0.745484    0.798923    0.053439    0.399461
    725    -0.744278    0.798798    0.054520    0.399399
    726    -0.743013    0.798741    0.055727    0.399370
    727    -0.741778    0.798770    0.056993    0.399385
    728    -0.740669    0.798897    0.058229    0.399449
    729    -0.739787    0.799123    0.059337    0.399562
    730    -0.739217    0.799434    0.060217    0.399717
    731    -0.739019    0.799803    0.060784    0.399901
    732    -0.739214    0.800193    0.060980    0.400097
    733    -0.739783    0.800566    0.060783    0.400283
    734    -0.740675    0.800887    0.060212    0.400443
    735    -0.741816    0.801137    0.059320    0.400568
    736    -0.743129    0.801308    0.058179    0.400654
    737    -0.744539    0.801406    0.056867    0.400703
    738    -0.745987    0.801445    0.055458    0.400723
    739    -0.747433    0.801446    0.054012    0.400723
    740    -0.748861    0.801428    0.052567    0.400714
    741    -0.750276    0.801416    0.051140    0.400708
    742    -0.751701    0.801428    0.049727    0.400714
    743    -0.753175    0.801478    0.048303    0.400739
    744    -0.754749    0.801577    0.046828    0.400789
    745    -0.756476    0.801729    0.045254    0.400865
    746    -0.758401    0.801928    0.043527    0.400964
    747    -0.760555    0.802154    0.041599    0.401077
    748    -0.762937    0.802381    0.039443    0.401190
    749    -0.765516    0.802574    0.037058    0.401287
    750    -0.768218    0.802695    0.034477    0.401347
    751    -0.770938    0.802712    0.031773    0.401356
    752    -0.773549    0.802601    0.029052    0.401300
    753    -0.775911    0.802353    0.026442    0.401177
    754    -0.777894    0.801974    0.024080    0.400987
    755    -0.779384    0.801484    0.022100    0.400742
    756    -0.780303    0.800916    0.020613    0.400458
    757    -0.780614    0.800311    0.019697    0.400156
    758    -0.780330    0.799719    0.019389    0.399859
    759    -0.779510    0.799185    0.019676    0.399593
    760    -0.778252    0.798750    0.020498    0.399375
    761    -0.776683    0.798440    0.021757    0.399220
    762    -0.774939    0.798265    0.023325    0.399132
    763    -0.773150    0.798217    0.025067    0.399108
    764    -0.771424    0.798280    0.026856    0.399140
    765    -0.769852    0.798432    0.028580    0.399216
    766    -0.768502    0.798653    0.030151    0.399327
    767    -0.767425    0.798924    0.031499    0.399462
    768    -0.766646    0.799222    0.032576    0.399611
    769    -0.766173    0.799527    0.033354    0.399763
    770    -0.765997    0.799823    0.033826    0.399911
    771    -0.766093    0.800095    0.034002    0.400047
    772    -0.766431    0.800336    0.033905    0.400168
    773    -0.766980    0.800548    0.033568    0.400274
    774    -0.767713    0.800733    0.033019    0.400366
    775    -0.768609    0.800895    0.032287    0.400448
    776    -0.769648    0.801039    0.031391    0.400519
    777    -0.770813    0.801164    0.030351    0.400582
    778    -0.772081    0.801267    0.029186    0.400633
    779    -0.773426    0.801344    0.027918    0.400672
    780    -0.774821    0.801394    0.026573    0.400697
    781    -0.776239    0.801417    0.025178    0.400708
    782    -0.777653    0.801413    0.023760    0.400707
    783    -0.779042    0.801388    0.022346    0.400694
    784    -0.780389    0.801346    0.020957    0.400673
    785    -0.781681    0.801292    0.019611    0.400646
    786    -0.782909    0.801227    0.018318    0.400614
    787    -0.784063    0.801154    0.017091    0.400577
    788    -0.785132    0.801068    0.015936    0.400534
    789    -0.786098    0.800964    0.014866    0.400482
    790    -0.786938    0.800839    0.013900    0.400419
    791    -0.787626    0.800686    0.013060    0.400343
    792    -0.788133    0.800504    0.012371    0.400252
    793    -0.788426    0.800291    0.011865    0.400145
    794    -0.788475    0.800047    0.011572    0.400024
    795    -0.788255    0.799779    0.011524    0.399889
    796    -0.787750    0.799493    0.011744    0.399747
    797    -0.786951    0.799201    0.012250    0.399601
    798    -0.785862    0.798911    0.013048    0.399455
    799    -0.784491    0.798630    0.014138    0.399315
    800    -0.782855    0.798365    0.015510    0.399182
    801    -0.780974    0.798120    0.017146    0.399060
    802    -0.778874    0.797902    0.019027    0.398951
    803    -0.776586    0.797713    0.021127    0.398857
    804    -0.774145    0.797562    0.023417    0.398781
    805    -0.771602    0.797460    0.025858    0.398730
    806    -0.769017    0.797420    0.028403    0.398710
    807    -0.766471    0.797459    0.030989    0.398730
    808    -0.764057    0.797593    0.033536    0.398797
    809    -0.761884    0.797834    0.035950    0.398917
    810    -0.760065    0.798188    0.038123    0.399094
    811    -0.758711    0.798651    0.039941    0.399326
    812    -0.757916    0.799210    0.041293    0.399605
    813    -0.757750    0.799836    0.042085    0.399918
    814    -0.758243    0.800492    0.042249    0.400246
    815    -0.759384    0.801138    0.041754    0.400569
    816    -0.761119    0.801730    0.040611    0.400865
    817    -0.763357    0.802230    0.038873    0.401115
    818    -0.765975    0.802609    0.036634    0.401304
    819    -0.768830    0.802846    0.034016    0.401423
    820    -0.771775    0.802936    0.031161    0.401468
    821    -0.774665    0.802883    0.028218    0.401441
    822    -0.777374    0.802704    0.025329    0.401352
    823    -0.779801    0.802422    0.022622    0.401211
    824    -0.781868    0.802066    0.020197    0.401033
    825    -0.783531    0.801662    0.018131    0.400831
    826    -0.784766    0.801236    0.016470    0.400618
    827    -0.785577    0.800814    0.015236    0.400407
    828    -0.785987    0.800413    0.014426    0.400207
    829    -0.786032    0.800049    0.014017    0.400025
    830    -0.785760    0.799732    0.013972    0.399866
    831    -0.785225    0.799469    0.014244    0.399735
    832    -0.784485    0.799264    0.014779    0.399632
    833    -0.783599    0.799118    0.015518    0.399559
    834    -0.782622    0.799026    0.016404    0.399513
    835    -0.781603    0.798984    0.017382    0.399492
    836    -0.780589    0.798989    0.018400    0.399494
    837    -0.779620    0.799034    0.019414    0.399517
    838    -0.778735    0.799117    0.020382    0.399558
    839    -0.777969    0.799237    0.021267    0.399618
    840    -0.777359    0.799392    0.022033    0.399696
    841    -0.776942    0.799585    0.022643    0.399792
    842    -0.776752    0.799812    0.023060    0.399906
    843    -0.776817    0.800066    0.023249    0.400033
    844    -0.777150    0.800333    0.023183    0.400166
    845    -0.777743    0.800592    0.022848    0.400296
    846    -0.778567    0.800820    0.022253    0.400410
    847    -0.779566    0.800995    0.021429    0.400497
    848    -0.780673    0.801101    0.020428    0.400551
    849    -0.781811    0.801133    0.019322    0.400566
    850    -0.782907    0.801093    0.018186    0.400546
    851    -0.783904    0.800995    0.017091    0.400497
    852    -0.784763    0.800858    0.016095    0.400429
    853    -0.785465    0.800702    0.015238    0.400351
    854    -0.786012    0.800549    0.014536    0.400274
    855    -0.786422    0.800411    0.013989    0.400206
    856    -0.786718    0.800298    0.013580    0.400149
    857    -0.786931    0.800215    0.013284    0.400107
    858    -0.787089    0.800160    0.013070    0.400080
    859    -0.787218    0.800130    0.012912    0.400065
    860    -0.787337    0.800119    0.012783    0.400060
    861    -0.787458    0.800122    0.012664    0.400061
    862    -0.787586    0.800128    0.012542    0.400064
    863    -0.787718    0.800131    0.012414    0.400066
    864    -0.787843    0.800124    0.012281    0.400062
    865    -0.787946    0.800101    0.012155    0.400050
    866    -0.788006    0.800060    0.012054    0.400030
    867    -0.788009    0.800002    0.011993    0.400001
    868    -0.787941    0.799932    0.011991    0.399966
    869    -0.787800    0.799859    0.012059    0.399929
    870    -0.787592    0.799794    0.012201    0.399897
    871    -0.787335    0.799744    0.012409    0.399872
    872    -0.787048    0.799715    0.012667    0.399857
    873    -0.786755    0.799709    0.012953    0.399854
    874    -0.786476    0.799722    0.013246    0.399861
    875    -0.786222    0.799746    0.013524    0.399873
    876    -0.785994    0.799771    0.013777    0.399886
    877    -0.785781    0.799786    0.014005    0.399893
    878    -0.785561    0.799778    0.014217    0.399889
    879    -0.785304    0.799740    0.014436    0.399870
    880    -0.784974    0.799668    0.014694    0.399834
    881    -0.784539    0.799563    0.015023    0.399781
    882    -0.783969    0.799429    0.015459    0.399714
    883    -0.783248    0.799278    0.016030    0.399639
    884    -0.782375    0.799128    0.016752    0.399564
    885    -0.781372    0.798999    0.017626    0.399499
    886    -0.780280    0.798911    0.018631    0.399456
    887    -0.779157    0.798881    0.019723    0.399440
    888    -0.778070    0.798917    0.020847    0.399458
    889    -0.777085    0.799019    0.021933    0.399509
    890    -0.776258    0.799175    0.022917    0.399588
    891    -0.775624    0.799365    0.023742    0.399683
    892    -0.775189    0.799564    0.024375    0.399782
    893    -0.774934    0.799742    0.024808    0.399871
    894    -0.774816    0.799876    0.025061    0.399938
    895    -0.774769    0.799949    0.025180    0.399974
    896    -0.774724    0.799951    0.025226    0.399975
    897    -0.774614    0.799886    0.025272    0.399943
    898    -0.774384    0.799768    0.025384    0.399884
    899    -0.774004    0.799619    0.025616    0.399810
    900    -0.773470    0.799468    0.025998    0.399734
    901    -0.772810    0.799344    0.026533    0.399672
    902    -0.772080    0.799275    0.027195    0.399637
    903    -0.771358    0.799285    0.027927    0.399642
    904    -0.770737    0.799385    0.028648    0.399692
    905    -0.770307    0.799575    0.029268    0.399788
    906    -0.770150    0.799847    0.029697    0.399924
    907    -0.770327    0.800179    0.029852    0.400089
    908    -0.770869    0.800542    0.029673    0.400271
    909    -0.771778    0.800907    0.029129    0.400454
    910    -0.773025    0.801243    0.028218    0.400622
    911    -0.774558    0.801528    0.026971    0.400764
    912    -0.776310    0.801747    0.025437    0.400874
    913    -0.778207    0.801892    0.023685    0.400946
    914    -0.780174    0.801962    0.021789    0.400981
    915    -0.782142    0.801965    0.019823    0.400982
    916    -0.784056    0.801911    0.017855    0.400955
    917    -0.785874    0.801817    0.015943    0.400908
    918    -0.787575    0.801701    0.014126    0.400850
    919    -0.789156    0.801583    0.012427    0.400792
    920    -0.790637    0.801483    0.010846    0.400741
    921    -0.792043    0.801408    0.009365    0.400704
    922    -0.793404    0.801363    0.007959    0.400681
    923    -0.794740    0.801336    0.006596    0.400668
    924    -0.796048    0.801307    0.005259    0.400654
    925    -0.797309    0.801257    0.003948    0.400628
    926    -0.798476    0.801164    0.002689    0.400582
    927    -0.799499    0.801021    0.001522    0.400510
    928    -0.800331    0.800830    0.000499    0.400415
    929    -0.800937    0.800606   -0.000331    0.400303
    930    -0.801305    0.800368   -0.000936    0.400184
    931    -0.801438    0.800136   -0.001302    0.400068
    932    -0.801364    0.799929   -0.001435    0.399964
    933    -0.801118    0.799757   -0.001361    0.399879
    934    -0.800743    0.799629   -0.001114    0.399814
    935    -0.800286    0.799547   -0.000739    0.399773
    936    -0.799793    0.799510   -0.000283    0.399755
    937    -0.799305    0.799515    0.000210    0.399757
    938    -0.798861    0.799558    0.000697    0.399779
    939    -0.798493    0.799634    0.001141    0.399817
    940    -0.798229    0.799738    0.001508    0.399869
    941    -0.798091    0.799862    0.001772    0.399931
    942    -0.798090    0.800000    0.001910    0.400000
    943    -0.798233    0.800143    0.001910    0.400071
    944    -0.798519    0.800285    0.001766    0.400143
    945    -0.798939    0.800419    0.001480    0.400210
    946    -0.799480    0.800540    0.001060    0.400270
    947    -0.800124    0.800643    0.000519    0.400322
    948    -0.800854    0.800728   -0.000126    0.400364
    949    -0.801648    0.800793   -0.000855    0.400397
    950    -0.802489    0.800840   -0.001649    0.400420
    951    -0.803361    0.800870   -0.002491    0.400435
    952    -0.804243    0.800881   -0.003362    0.400440
    953    -0.805116    0.800871   -0.004245    0.400436
    954    -0.805956    0.800838   -0.005118    0.400419
    955    -0.806737    0.800779   -0.005958    0.400389
    956    -0.807428    0.800689   -0.006739    0.400344
    957    -0.807995    0.800566   -0.007430    0.400283
    958    -0.808408    0.800411   -0.007998    0.400205
    959    -0.808636    0.800226   -0.008410    0.400113
    960    -0.808656    0.800018   -0.008638    0.400009
    961    -0.808449    0.799792   -0.008657    0.399896
    962    -0.808008    0.799558   -0.008450    0.399779
    963    -0.807329    0.799322   -0.008007    0.399661
    964    -0.806424    0.799096   -0.007328    0.399548
    965    -0.805312    0.798891   -0.006422    0.399445
    966    -0.804027    0.798718   -0.005309    0.399359
    967    -0.802611    0.798587   -0.004024    0.399294
    968    -0.801114    0.798506   -0.002608    0.399253
    969    -0.799593    0.798482   -0.001111    0.399241
    970    -0.798107    0.798518    0.000411    0.399259
    971    -0.796715    0.798611    0.001896    0.399306
    972    -0.795469    0.798756    0.003287    0.399378
    973    -0.794407    0.798939    0.004532    0.399470
    974    -0.793554    0.799147    0.005594    0.399574
    975    -0.792921    0.799367    0.006446    0.399683
    976    -0.792504    0.799582    0.007078    0.399791
    977    -0.792289    0.799783    0.007494    0.399892
    978    -0.792256    0.799965    0.007709    0.399982
    979    -0.792379    0.800121    0.007742    0.400061
    980    -0.792633    0.800252    0.007619    0.400126
    981    -0.792993    0.800358    0.007366    0.400179
    982    -0.793433    0.800439    0.007006    0.400219
    983    -0.793930    0.800496    0.006565    0.400248
    984    -0.794462    0.800531    0.006069    0.400265
    985    -0.795009    0.800546    0.005537    0.400273
    986    -0.795559    0.800549    0.004991    0.400275
    987    -0.796106    0.800549    0.004442    0.400274
    988    -0.796662    0.800558    0.003895    0.400279
    989    -0.797251    0.800591    0.003340    0.400296
    990    -0.797910    0.800663    0.002753    0.400332
    991    -0.798689    0.800782    0.002094    0.400391
    992    -0.799638    0.800953    0.001315    0.400476
    993    -0.800805    0.801170    0.000365    0.400585
    994    -0.802226    0.801423   -0.000803    0.400711
    995    -0.803918    0.801693   -0.002225    0.400846
    996    -0.805877    0.801958   -0.003919    0.400979
    997    -0.808076    0.802197   -0.005879    0.401099
    998    -0.810472    0.802393   -0.008079    0.401196
    999    -0.813006    0.802530   -0.010476    0.401265
   1000    -0.815614    0.802604   -0.013010    0.401302
