  0.000000000000000E+000  0.000000000000000E+000
  1.999999955296516E-002  0.000000000000000E+000
  3.999999910593033E-002  0.000000000000000E+000
  5.999999865889549E-002  0.000000000000000E+000
  7.999999821186066E-002  0.000000000000000E+000
  9.999999776482582E-002  0.000000000000000E+000
  0.119999997317791       0.000000000000000E+000
  0.139999996870756       0.000000000000000E+000
  0.159999996423721       0.000000000000000E+000
  0.179999995976686       0.000000000000000E+000
  0.199999995529652       0.000000000000000E+000
  0.219999995082617       0.000000000000000E+000
  0.239999994635582       0.000000000000000E+000
  0.259999994188547       0.000000000000000E+000
  0.279999993741512       0.000000000000000E+000
  0.299999993294477       0.000000000000000E+000
  0.319999992847443       0.000000000000000E+000
  0.339999992400408       0.000000000000000E+000
  0.359999991953373       0.000000000000000E+000
  0.379999991506338       0.000000000000000E+000
  0.399999991059303       0.000000000000000E+000
  0.419999990612268       0.000000000000000E+000
  0.439999990165234       0.000000000000000E+000
  0.459999989718199       0.000000000000000E+000
  0.479999989271164       0.000000000000000E+000
  0.499999988824129       0.000000000000000E+000
  0.519999988377094       0.000000000000000E+000
  0.539999987930059       0.000000000000000E+000
  0.559999987483025       0.000000000000000E+000
  0.579999987035990       0.000000000000000E+000
  0.599999986588955       0.000000000000000E+000
  0.619999986141920       0.000000000000000E+000
  0.639999985694885       0.000000000000000E+000
  0.659999985247850       0.000000000000000E+000
  0.679999984800816       0.000000000000000E+000
  0.699999984353781       0.000000000000000E+000
  0.719999983906746       0.000000000000000E+000
  0.739999983459711       0.000000000000000E+000
  0.759999983012676       0.000000000000000E+000
  0.779999982565641       0.000000000000000E+000
  0.799999982118607       0.000000000000000E+000
  0.819999981671572       0.000000000000000E+000
  0.839999981224537       4.493786704313955E-004
  0.859999980777502       1.718385583148663E-002
  0.879999980330467       1.137331972074966E-002
  0.899999979883432       7.135738228278770E-003
  0.919999979436398       6.468878441290653E-003
  0.939999978989363       1.504433066404757E-002
  0.959999978542328       9.892765151988302E-002
  0.979999978095293       0.463156968470507     
  0.999999977648258        1.40431390671532     
   1.01999997720122        2.95786118808444     
   1.03999997675419        4.80116409255396     
   1.05999997630715        6.38428497261293     
   1.07999997586012        7.41486830870413     
   1.09999997541308        7.79721586790481     
   1.11999997496605        7.63065805371706     
   1.13999997451901        7.10895781690248     
   1.15999997407198        6.42040119925468     
   1.17999997362494        5.68766278749042     
   1.19999997317791        4.97720044454687     
   1.21999997273088        4.32989440615683     
   1.23999997228384        3.75527580008846     
   1.25999997183681        3.26874182102387     
   1.27999997138977        2.84716271656853     
   1.29999997094274        2.50198864302182     
   1.31999997049570        2.21274836318532     
   1.33999997004867        1.96394845238739     
   1.35999996960163        1.76072613104161     
   1.37999996915460        1.59080139136605     
   1.39999996870756        1.44596971399455     
   1.41999996826053        1.33053534670229     
   1.43999996781349        1.22501012955004     
   1.45999996736646        1.13922460575716     
   1.47999996691942        1.06753446918949     
   1.49999996647239        1.00035031791209     
   1.51999996602535       0.948799261940458     
   1.53999996557832       0.907662367114218     
   1.55999996513128       0.867627611415868     
   1.57999996468425       0.840231343093192     
   1.59999996423721       0.818194816902843     
   1.61999996379018       0.804594972305247     
   1.63999996334314       0.794803722957114     
   1.65999996289611       0.787451655876202     
   1.67999996244907       0.793432922388921     
   1.69999996200204       0.806229936827942     
   1.71999996155500       0.834002581568428     
   1.73999996110797       0.863820289135180     
   1.75999996066093       0.899210457303083     
   1.77999996021390       0.952760188254996     
   1.79999995976686        1.02016268522344     
   1.81999995931983        1.10712122919208     
   1.83999995887280        1.20174888517291     
   1.85999995842576        1.31608373718728     
   1.87999995797873        1.44022033190886     
   1.89999995753169        1.57208422461886     
   1.91999995708466        1.69449714394832     
   1.93999995663762        1.82443259211254     
   1.95999995619059        1.92294721797100     
   1.97999995574355        2.02192362572733     
   1.99999995529652        2.11955324870579     
   2.01999995484948        2.19865370792326     
   2.03999995440245        2.28238026209475     
   2.05999995395541        2.37527351750339     
   2.07999995350838        2.47758813996595     
   2.09999995306134        2.57224563930605     
   2.11999995261431        2.67835108485696     
   2.13999995216727        2.77310097012091     
   2.15999995172024        2.83889395202352     
   2.17999995127320        2.89422663284476     
   2.19999995082617        2.91497924430667     
   2.21999995037913        2.90349531649350     
   2.23999994993210        2.86429859098205     
   2.25999994948506        2.79421397183278     
   2.27999994903803        2.71267674248969     
   2.29999994859099        2.61358142978564     
   2.31999994814396        2.50183833320396     
   2.33999994769692        2.38651599559461     
   2.35999994724989        2.27372650469307     
   2.37999994680285        2.15065612085330     
   2.39999994635582        2.04108403298081     
   2.41999994590878        1.93429367242184     
   2.43999994546175        1.82852792398086     
   2.45999994501472        1.73678210452014     
   2.47999994456768        1.65261637954335     
   2.49999994412065        1.57117847016290     
   2.51999994367361        1.50194040042783     
   2.53999994322658        1.43812409004807     
   2.55999994277954        1.38217090848810     
   2.57999994233251        1.33052715339748     
   2.59999994188547        1.29156169497377     
   2.61999994143844        1.24970722658423     
   2.63999994099140        1.21443832009165     
   2.65999994054437        1.19394424067797     
   2.67999994009733        1.17084396789785     
   2.69999993965030        1.16409803440183     
   2.71999993920326        1.15481973611476     
   2.73999993875623        1.15412221734962     
   2.75999993830919        1.16132548557754     
   2.77999993786216        1.17968612139234     
   2.79999993741512        1.20836551821735     
   2.81999993696809        1.24128860160702     
   2.83999993652105        1.28721914099177     
   2.85999993607402        1.33937482348173     
   2.87999993562698        1.39880859633745     
   2.89999993517995        1.46745964633100     
   2.91999993473291        1.53827691153582     
   2.93999993428588        1.60920576577388     
   2.95999993383884        1.68119066764220     
   2.97999993339181        1.75723738583382     
   2.99999993294477        1.82591436863019     
   3.01999993249774        1.88833053510590     
   3.03999993205070        1.94036143817669     
   3.05999993160367        1.98428372723525     
   3.07999993115664        2.01947538674583     
   3.09999993070960        2.04623108550984     
   3.11999993026257        2.07293299835551     
   3.13999992981553        2.07980988455497     
   3.15999992936850        2.08494652522483     
   3.17999992892146        2.08974601458945     
   3.19999992847443        2.08827815853786     
   3.21999992802739        2.08061667423376     
   3.23999992758036        2.06868129399391     
   3.25999992713332        2.05801784024392     
   3.27999992668629        2.03997295191510     
   3.29999992623925        2.01626717259815     
   3.31999992579222        1.99380840551777     
   3.33999992534518        1.96503623113235     
   3.35999992489815        1.93678502878529     
   3.37999992445111        1.90520520175482     
   3.39999992400408        1.86891778967472     
   3.41999992355704        1.83213791079763     
   3.43999992311001        1.79049160227113     
   3.45999992266297        1.75543165708443     
   3.47999992221594        1.71352568661360     
   3.49999992176890        1.67096369482492     
   3.51999992132187        1.63504579810553     
   3.53999992087483        1.59821453813626     
   3.55999992042780        1.56089541275914     
   3.57999991998076        1.52833080800652     
   3.59999991953373        1.49198870739416     
   3.61999991908669        1.46266756569007     
   3.63999991863966        1.43037418894409     
   3.65999991819263        1.40462840665495     
   3.67999991774559        1.38221541608736     
   3.69999991729856        1.36727969069786     
   3.71999991685152        1.35134354023874     
   3.73999991640449        1.34118245889717     
   3.75999991595745        1.33680304014609     
   3.77999991551042        1.33577052257924     
   3.79999991506338        1.33343995927354     
   3.81999991461635        1.34513493876929     
   3.83999991416931        1.34783982989777     
   3.85999991372228        1.36233343561065     
   3.87999991327524        1.38206499941238     
   3.89999991282821        1.40247935220035     
   3.91999991238117        1.43272929085124     
   3.93999991193414        1.46003777861610     
   3.95999991148710        1.48831388950651     
   3.97999991104007        1.52222331848921     
   3.99999991059303        1.55531028674923     
   4.01999991014600        1.58770814982267     
   4.03999990969896        1.62355859567933     
   4.05999990925193        1.65256537106088     
   4.07999990880489        1.68027931287872     
   4.09999990835786        1.70465144203530     
   4.11999990791082        1.72519336866343     
   4.13999990746379        1.74283230591628     
   4.15999990701675        1.75442438006606     
   4.17999990656972        1.76729095717290     
   4.19999990612268        1.77312975126002     
   4.21999990567565        1.77610648607562     
   4.23999990522861        1.77711788318432     
   4.25999990478158        1.76758402177064     
   4.27999990433455        1.75641765801946     
   4.29999990388751        1.74818352707496     
   4.31999990344048        1.73674679660950     
   4.33999990299344        1.72459811413559     
   4.35999990254641        1.70361590594443     
   4.37999990209937        1.68951978013325     
   4.39999990165234        1.66790293025342     
   4.41999990120530        1.64801413568173     
   4.43999990075827        1.62746721213288     
   4.45999990031123        1.60583423725124     
   4.47999989986420        1.58693668191805     
   4.49999989941716        1.56999707849818     
   4.51999989897013        1.54523173809051     
   4.53999989852309        1.52753768837711     
   4.55999989807606        1.50608174276735     
   4.57999989762902        1.49037915484524     
   4.59999989718199        1.46907495120269     
   4.61999989673495        1.45544848974701     
   4.63999989628792        1.43869453788239     
   4.65999989584088        1.42612828301429     
   4.67999989539385        1.41409678347909     
   4.69999989494681        1.39860815847176     
   4.71999989449978        1.38585262595360     
   4.73999989405274        1.37844042694298     
   4.75999989360571        1.36861908991211     
   4.77999989315867        1.36877683569195     
   4.79999989271164        1.36410457698429     
   4.81999989226460        1.36051007734602     
   4.83999989181757        1.36466779294317     
   4.85999989137053        1.36311799165928     
   4.87999989092350        1.36177181022535     
   4.89999989047647        1.37212524604295     
   4.91999989002943        1.38065785558964     
   4.93999988958240        1.39341066016358     
   4.95999988913536        1.40207714935767     
   4.97999988868833        1.41328103427667     
   4.99999988824129        1.42415827002898     
   5.01999988779426        1.43534135705309     
   5.03999988734722        1.44898444535799     
   5.05999988690019        1.46289031568022     
   5.07999988645315        1.47368724704803     
   5.09999988600612        1.48852544023505     
   5.11999988555908        1.50122101142370     
   5.13999988511205        1.51505207089464     
   5.15999988466501        1.52364745215562     
   5.17999988421798        1.53725891519500     
   5.19999988377094        1.53701725070057     
   5.21999988332391        1.54554160742285     
   5.23999988287687        1.54607055308152     
   5.25999988242984        1.54865916290243     
   5.27999988198280        1.54482188661484     
   5.29999988153577        1.54425855882340     
   5.31999988108873        1.53773139700110     
   5.33999988064170        1.54005465195705     
   5.35999988019466        1.53198934995009     
   5.37999987974763        1.52321027289697     
   5.39999987930059        1.51787925163798     
   5.41999987885356        1.50817923166914     
   5.43999987840652        1.49235552943140     
   5.45999987795949        1.48876310096170     
   5.47999987751245        1.47651918190965     
   5.49999987706542        1.46372675788937     
   5.51999987661839        1.45098273520315     
   5.53999987617135        1.43955791838842     
   5.55999987572432        1.42695409877276     
   5.57999987527728        1.41621518274773     
   5.59999987483025        1.40402842909127     
   5.61999987438321        1.39381851928100     
   5.63999987393618        1.38228934258064     
   5.65999987348914        1.37515487083076     
   5.67999987304211        1.36676151110326     
   5.69999987259507        1.35834518813267     
   5.71999987214804        1.34905990839587     
   5.73999987170100        1.33874128344284     
   5.75999987125397        1.33263350722374     
   5.77999987080693        1.32916461671451     
   5.79999987035990        1.32650853482116     
   5.81999986991286        1.32812936799082     
   5.83999986946583        1.32239350565846     
   5.85999986901879        1.32037148230580     
   5.87999986857176        1.31709319383989     
   5.89999986812472        1.32075086329014     
   5.91999986767769        1.32349638597501     
   5.93999986723065        1.32571165898994     
   5.95999986678362        1.32659512878168     
   5.97999986633658        1.33546675871169     
   5.99999986588955        1.33752474692789     
   6.01999986544251        1.33960955405858     
   6.03999986499548        1.34729791388405     
   6.05999986454844        1.35161791453344     
   6.07999986410141        1.36217991462959     
   6.09999986365438        1.36798060688568     
   6.11999986320734        1.37030590884622     
   6.13999986276031        1.37325960770222     
   6.15999986231327        1.37867735326142     
   6.17999986186624        1.38512455034459     
   6.19999986141920        1.39075793794039     
   6.21999986097217        1.39184534020742     
   6.23999986052513        1.39574558432593     
   6.25999986007810        1.39810808609467     
   6.27999985963106        1.39664158061948     
   6.29999985918403        1.39817577828026     
   6.31999985873699        1.39538574898979     
   6.33999985828996        1.39343037362113     
   6.35999985784292        1.39174878738608     
   6.37999985739589        1.39040649829236     
   6.39999985694885        1.38466954687614     
   6.41999985650182        1.38092038676842     
   6.43999985605478        1.37557907512903     
   6.45999985560775        1.37508725202888     
   6.47999985516071        1.36919520292014     
   6.49999985471368        1.36188227012416     
   6.51999985426664        1.35668907827184     
   6.53999985381961        1.35089746037586     
   6.55999985337257        1.34311593551617     
   6.57999985292554        1.33555391995461     
   6.59999985247850        1.33085638542297     
   6.61999985203147        1.32399631092101     
   6.63999985158443        1.31714399372071     
   6.65999985113740        1.31199988015354     
   6.67999985069036        1.30499918544701     
   6.69999985024333        1.30267018570383     
   6.71999984979630        1.29530842140798     
   6.73999984934926        1.28813961294850     
   6.75999984890223        1.28279983376776     
   6.77999984845519        1.27727742954962     
   6.79999984800816        1.27774856683985     
   6.81999984756112        1.27368075709199     
   6.83999984711409        1.27261688701837     
   6.85999984666705        1.27350057724448     
   6.87999984622002        1.27406498519604     
   6.89999984577298        1.26941462681143     
   6.91999984532595        1.26735718717778     
   6.93999984487891        1.26833133456115     
   6.95999984443188        1.26781718538191     
   6.97999984398484        1.26489854164387     
   6.99999984353781        1.26710948985138     
   7.01999984309077        1.27078394652783     
   7.03999984264374        1.27293555393815     
   7.05999984219670        1.27727959558612     
   7.07999984174967        1.27677734047541     
   7.09999984130263        1.27815971489768     
   7.11999984085560        1.28152693315108     
   7.13999984040856        1.28472840156227     
   7.15999983996153        1.28914026257171     
   7.17999983951449        1.28815895891413     
   7.19999983906746        1.29036619829775     
   7.21999983862042        1.29046704347895     
   7.23999983817339        1.29259719811013     
   7.25999983772635        1.29676326558998     
   7.27999983727932        1.29802028964993     
   7.29999983683228        1.29857517569381     
   7.31999983638525        1.29659097672969     
   7.33999983593822        1.29264708632241     
   7.35999983549118        1.29407871448219     
   7.37999983504415        1.29256644691794     
   7.39999983459711        1.28965192779231     
   7.41999983415008        1.28645749514215     
   7.43999983370304        1.28352375291993     
   7.45999983325601        1.28214400491110     
   7.47999983280897        1.28060305005098     
   7.49999983236194        1.27358005749555     
   7.51999983191490        1.27188121856643     
   7.53999983146787        1.26611307853980     
   7.55999983102083        1.26546052660040     
   7.57999983057380        1.26265999108265     
   7.59999983012676        1.25719301106719     
   7.61999982967973        1.25306881490287     
   7.63999982923269        1.25302723485131     
   7.65999982878566        1.25017766182367     
   7.67999982833862        1.24382591096359     
   7.69999982789159        1.24521783681523     
   7.71999982744455        1.24140171398154     
   7.73999982699752        1.23919615218605     
   7.75999982655048        1.23200675980651     
   7.77999982610345        1.22807415756167     
   7.79999982565641        1.23009179773829     
   7.81999982520938        1.22805419655893     
   7.83999982476234        1.22461046525249     
   7.85999982431531        1.22109795226247     
   7.87999982386827        1.22122474452614     
   7.89999982342124        1.21672715268990     
   7.91999982297421        1.21929681049319     
   7.93999982252717        1.21692741001932     
   7.95999982208014        1.21505315706203     
   7.97999982163310        1.21318430324479     
   7.99999982118607        1.21501521631245     
   8.01999982073903        1.21525933358863     
   8.03999982029200        1.21550882812646     
   8.05999981984496        1.21430556135204     
   8.07999981939793        1.21519096383151     
   8.09999981895089        1.21283133513805     
   8.11999981850386        1.21390002481493     
   8.13999981805682        1.21403783203580     
   8.15999981760979        1.21220874189032     
   8.17999981716275        1.21428292582787     
   8.19999981671572        1.21698284848207     
   8.21999981626868        1.21659871253416     
   8.23999981582165        1.21656883062024     
   8.25999981537461        1.21554092679048     
   8.27999981492758        1.21431831906647     
   8.29999981448054        1.21662432794924     
   8.31999981403351        1.21524067625794     
   8.33999981358647        1.21332995960682     
   8.35999981313944        1.21346043617018     
   8.37999981269240        1.21175276873546     
   8.39999981224537        1.21393400509526     
   8.41999981179833        1.21062603448952     
   8.43999981135130        1.21143094254605     
   8.45999981090426        1.21255775017804     
   8.47999981045723        1.20755925075032     
   8.49999981001019        1.20617131049743     
   8.51999980956316        1.20254093665474     
   8.53999980911613        1.19907646392544     
   8.55999980866909        1.19478998252516     
   8.57999980822206        1.19393630674406     
   8.59999980777502        1.19580510882473     
   8.61999980732799        1.19346291912549     
   8.63999980688095        1.18960686211380     
   8.65999980643392        1.19158775551642     
   8.67999980598688        1.19029096325827     
   8.69999980553985        1.18694018754849     
   8.71999980509281        1.18479949031995     
   8.73999980464578        1.18006753259345     
   8.75999980419874        1.17975735907400     
   8.77999980375171        1.18003403616363     
   8.79999980330467        1.17856073983278     
   8.81999980285764        1.17771415493880     
   8.83999980241060        1.17113582383271     
   8.85999980196357        1.17496901300517     
   8.87999980151653        1.17010214860411     
   8.89999980106950        1.16779241849556     
   8.91999980062246        1.16964092469739     
   8.93999980017543        1.16837512876401     
   8.95999979972839        1.16414597767382     
   8.97999979928136        1.16432966569221     
   8.99999979883432        1.16343148576356     
   9.01999979838729        1.16431977287595     
   9.03999979794025        1.16124138087966     
   9.05999979749322        1.15946688407189     
   9.07999979704618        1.16153812367626     
   9.09999979659915        1.15976960213591     
   9.11999979615211        1.15689433740410     
   9.13999979570508        1.15989341445550     
   9.15999979525805        1.15782185745214     
   9.17999979481101        1.15715401541942     
   9.19999979436398        1.16039335265899     
   9.21999979391694        1.15629373058583     
   9.23999979346991        1.15788979683593     
   9.25999979302287        1.15871553594765     
   9.27999979257584        1.15999342705003     
   9.29999979212880        1.15806677345171     
   9.31999979168177        1.15718553109103     
   9.33999979123473        1.15633642861666     
   9.35999979078770        1.15865366712444     
   9.37999979034066        1.15731239187280     
   9.39999978989363        1.15495524970136     
   9.41999978944659        1.15417433920070     
   9.43999978899956        1.15438478600924     
   9.45999978855252        1.15521169256465     
   9.47999978810549        1.15049627565451     
   9.49999978765845        1.14805775818674     
   9.51999978721142        1.14655022533349     
   9.53999978676438        1.14705774771010     
   9.55999978631735        1.14578478212809     
   9.57999978587031        1.14306996121256     
   9.59999978542328        1.14002637976463     
   9.61999978497624        1.14112167973450     
   9.63999978452921        1.14203101945546     
   9.65999978408217        1.14006511548846     
   9.67999978363514        1.13976074238148     
   9.69999978318810        1.13606472160701     
   9.71999978274107        1.13228902376631     
   9.73999978229403        1.13417024666140     
   9.75999978184700        1.13383264865345     
   9.77999978139997        1.13277462412131     
   9.79999978095293        1.13188531427807     
   9.81999978050590        1.13091651074264     
   9.83999978005886        1.12944967050591     
   9.85999977961183        1.12963031224386     
   9.87999977916479        1.12914721187504     
   9.89999977871776        1.12708682469293     
   9.91999977827072        1.12759061920000     
   9.93999977782369        1.12587541599199     
   9.95999977737665        1.12578046032480     
   9.97999977692962        1.12509748419337     
