  0.000000000000000E+000  2.520000056326391E-002
  1.999999955296516E-002  2.436000054448845E-002
  3.999999910593033E-002  2.550000056996943E-002
  5.999999865889549E-002  2.520000056326391E-002
  7.999999821186066E-002  2.814000062897803E-002
  9.999999776482582E-002  2.634000058874490E-002
  0.119999997317791       2.496000055789949E-002
  0.139999996870756       2.340000052303077E-002
  0.159999996423721       2.730000061020257E-002
  0.179999995976686       2.550000056996943E-002
  0.199999995529652       2.802000062629582E-002
  0.219999995082617       2.760000061690809E-002
  0.239999994635582       2.556000057131054E-002
  0.259999994188547       2.694000060215594E-002
  0.279999993741512       2.574000057533385E-002
  0.299999993294477       2.694000060215594E-002
  0.319999992847443       2.502000055924060E-002
  0.339999992400408       2.706000060483815E-002
  0.359999991953373       2.634000058874490E-002
  0.379999991506338       2.628000058740379E-002
  0.399999991059303       2.640000059008600E-002
  0.419999990612268       2.592000057935717E-002
  0.439999990165234       2.460000054985286E-002
  0.459999989718199       2.664000059545042E-002
  0.479999989271164       2.454000054851176E-002
  0.499999988824129       2.622000058606269E-002
  0.519999988377094       2.760000061690809E-002
  0.539999987930059       2.718000060752036E-002
  0.559999987483025       2.568000057399275E-002
  0.579999987035990       2.526000056460501E-002
  0.599999986588955       2.586000057801606E-002
  0.619999986141920       2.592000057935717E-002
  0.639999985694885       2.658000059410931E-002
  0.659999985247850       2.532000056594612E-002
  0.679999984800816       2.592000057935717E-002
  0.699999984353781       2.412000053912403E-002
  0.719999983906746       2.766000061824920E-002
  0.739999983459711       2.682000059947373E-002
  0.759999983012676       2.604000058203937E-002
  0.779999982565641       2.514000056192281E-002
  0.799999982118607       2.706000060483815E-002
  0.819999981671572       2.748000061422588E-002
  0.839999981224537       2.802000062629582E-002
  0.859999980777502       2.754000061556699E-002
  0.879999980330467       2.490000055655839E-002
  0.899999979883432       2.754000061556699E-002
  0.919999979436398       2.688000060081484E-002
  0.939999978989363       2.580000057667495E-002
  0.959999978542328       2.784000062227251E-002
  0.979999978095293       2.754000061556699E-002
  0.999999977648258       2.760000061690809E-002
   1.01999997720122       2.556000057131054E-002
   1.03999997675419       2.700000060349705E-002
   1.05999997630715       2.886000064507129E-002
   1.07999997586012       2.742000061288478E-002
   1.09999997541308       2.478000055387618E-002
   1.11999997496605       2.730000061020257E-002
   1.13999997451901       2.526000056460501E-002
   1.15999997407198       2.784000062227251E-002
   1.17999997362494       2.712000060617925E-002
   1.19999997317791       2.592000057935717E-002
   1.21999997273088       2.556000057131054E-002
   1.23999997228384       2.730000061020257E-002
   1.25999997183681       2.568000057399275E-002
   1.27999997138977       2.628000058740379E-002
   1.29999997094274       2.592000057935717E-002
   1.31999997049570       2.700000060349705E-002
   1.33999997004867       2.652000059276821E-002
   1.35999996960163       2.676000059813263E-002
   1.37999996915460       2.760000061690809E-002
   1.39999996870756       2.736000061154367E-002
   1.41999996826053       2.604000058203937E-002
   1.43999996781349       2.544000056862833E-002
   1.45999996736646       2.694000060215594E-002
   1.47999996691942       2.826000063166024E-002
   1.49999996647239       2.952000065982344E-002
   1.51999996602535       2.622000058606269E-002
   1.53999996557832       2.592000057935717E-002
   1.55999996513128       2.796000062495472E-002
   1.57999996468425       2.574000057533385E-002
   1.59999996423721       3.030000067725780E-002
   1.61999996379018       2.580000057667495E-002
   1.63999996334314       2.748000061422588E-002
   1.65999996289611       2.796000062495472E-002
   1.67999996244907       2.634000058874490E-002
   1.69999996200204       2.802000062629582E-002
   1.71999996155500       2.640000059008600E-002
   1.73999996110797       2.712000060617925E-002
   1.75999996066093       2.688000060081484E-002
   1.77999996021390       2.598000058069827E-002
   1.79999995976686       2.724000060886147E-002
   1.81999995931983       2.898000064775350E-002
   1.83999995887280       2.586000057801606E-002
   1.85999995842576       2.736000061154367E-002
   1.87999995797873       2.868000064104797E-002
   1.89999995753169       2.520000056326391E-002
   1.91999995708466       2.766000061824920E-002
   1.93999995663762       2.814000062897803E-002
   1.95999995619059       2.928000065445902E-002
   1.97999995574355       2.904000064909460E-002
   1.99999995529652       2.778000062093141E-002
   2.01999995484948       2.706000060483815E-002
   2.03999995440245       2.832000063300135E-002
   2.05999995395541       2.718000060752036E-002
   2.07999995350838       2.898000064775350E-002
   2.09999995306134       3.012000067323448E-002
   2.11999995261431       2.820000063031914E-002
   2.13999995216727       2.778000062093141E-002
   2.15999995172024       2.706000060483815E-002
   2.17999995127320       2.628000058740379E-002
   2.19999995082617       2.676000059813263E-002
   2.21999995037913       2.652000059276821E-002
   2.23999994993210       2.784000062227251E-002
   2.25999994948506       2.598000058069827E-002
   2.27999994903803       2.658000059410931E-002
   2.29999994859099       2.868000064104797E-002
   2.31999994814396       2.742000061288478E-002
   2.33999994769692       2.832000063300135E-002
   2.35999994724989       2.718000060752036E-002
   2.37999994680285       2.646000059142711E-002
   2.39999994635582       2.748000061422588E-002
   2.41999994590878       2.556000057131054E-002
   2.43999994546175       2.802000062629582E-002
   2.45999994501472       2.922000065311791E-002
   2.47999994456768       2.796000062495472E-002
   2.49999994412065       2.604000058203937E-002
   2.51999994367361       2.826000063166024E-002
   2.53999994322658       2.658000059410931E-002
   2.55999994277954       2.916000065177681E-002
   2.57999994233251       2.616000058472158E-002
   2.59999994188547       2.586000057801606E-002
   2.61999994143844       2.916000065177681E-002
   2.63999994099140       2.700000060349705E-002
   2.65999994054437       2.880000064373018E-002
   2.67999994009733       2.892000064641239E-002
   2.69999993965030       2.844000063568355E-002
   2.71999993920326       2.850000063702466E-002
   2.73999993875623       2.712000060617925E-002
   2.75999993830919       2.682000059947373E-002
   2.77999993786216       2.928000065445902E-002
   2.79999993741512       2.994000066921117E-002
   2.81999993696809       2.826000063166024E-002
   2.83999993652105       2.550000056996943E-002
   2.85999993607402       2.970000066384675E-002
   2.87999993562698       2.892000064641239E-002
   2.89999993517995       2.850000063702466E-002
   2.91999993473291       2.880000064373018E-002
   2.93999993428588       2.724000060886147E-002
   2.95999993383884       2.712000060617925E-002
   2.97999993339181       2.946000065848233E-002
   2.99999993294477       2.886000064507129E-002
   3.01999993249774       2.820000063031914E-002
   3.03999993205070       2.946000065848233E-002
   3.05999993160367       2.706000060483815E-002
   3.07999993115664       2.910000065043571E-002
   3.09999993070960       2.916000065177681E-002
   3.11999993026257       2.976000066518785E-002
   3.13999992981553       2.850000063702466E-002
   3.15999992936850       2.640000059008600E-002
   3.17999992892146       2.748000061422588E-002
   3.19999992847443       2.604000058203937E-002
   3.21999992802739       2.724000060886147E-002
   3.23999992758036       2.712000060617925E-002
   3.25999992713332       2.742000061288478E-002
   3.27999992668629       2.760000061690809E-002
   3.29999992623925       2.766000061824920E-002
   3.31999992579222       3.018000067457559E-002
   3.33999992534518       2.856000063836577E-002
   3.35999992489815       2.844000063568355E-002
   3.37999992445111       2.982000066652896E-002
   3.39999992400408       2.790000062361361E-002
   3.41999992355704       2.766000061824920E-002
   3.43999992311001       2.868000064104797E-002
   3.45999992266297       3.060000068396332E-002
   3.47999992221594       2.802000062629582E-002
   3.49999992176890       2.916000065177681E-002
   3.51999992132187       3.024000067591669E-002
   3.53999992087483       2.772000061959030E-002
   3.55999992042780       2.550000056996943E-002
   3.57999991998076       2.820000063031914E-002
   3.59999991953373       3.090000069066884E-002
   3.61999991908669       2.922000065311791E-002
   3.63999991863966       2.814000062897803E-002
   3.65999991819263       2.964000066250565E-002
   3.67999991774559       2.868000064104797E-002
   3.69999991729856       2.988000066787007E-002
   3.71999991685152       2.772000061959030E-002
   3.73999991640449       2.892000064641239E-002
   3.75999991595745       3.036000067859890E-002
   3.77999991551042       2.880000064373018E-002
   3.79999991506338       2.934000065580012E-002
   3.81999991461635       2.958000066116454E-002
   3.83999991416931       2.652000059276821E-002
   3.85999991372228       2.646000059142711E-002
   3.87999991327524       2.838000063434245E-002
   3.89999991282821       2.976000066518785E-002
   3.91999991238117       2.658000059410931E-002
   3.93999991193414       2.916000065177681E-002
   3.95999991148710       2.610000058338048E-002
   3.97999991104007       2.844000063568355E-002
   3.99999991059303       2.742000061288478E-002
   4.01999991014600       3.078000068798663E-002
   4.03999990969896       2.742000061288478E-002
   4.05999990925193       2.964000066250565E-002
   4.07999990880489       2.724000060886147E-002
   4.09999990835786       2.766000061824920E-002
   4.11999990791082       2.640000059008600E-002
   4.13999990746379       2.916000065177681E-002
   4.15999990701675       2.712000060617925E-002
   4.17999990656972       2.880000064373018E-002
   4.19999990612268       2.910000065043571E-002
   4.21999990567565       3.036000067859890E-002
   4.23999990522861       3.006000067189338E-002
   4.25999990478158       2.976000066518785E-002
   4.27999990433455       2.964000066250565E-002
   4.29999990388751       3.126000069871547E-002
   4.31999990344048       2.880000064373018E-002
   4.33999990299344       2.934000065580012E-002
   4.35999990254641       2.754000061556699E-002
   4.37999990209937       3.264000072956087E-002
   4.39999990165234       2.958000066116454E-002
   4.41999990120530       3.102000069335105E-002
   4.43999990075827       3.006000067189338E-002
   4.45999990031123       2.772000061959030E-002
   4.47999989986420       2.712000060617925E-002
   4.49999989941716       2.946000065848233E-002
   4.51999989897013       2.742000061288478E-002
   4.53999989852309       3.024000067591669E-002
   4.55999989807606       2.976000066518785E-002
   4.57999989762902       2.664000059545042E-002
   4.59999989718199       3.000000067055227E-002
   4.61999989673495       2.880000064373018E-002
   4.63999989628792       3.006000067189338E-002
   4.65999989584088       2.790000062361361E-002
   4.67999989539385       2.880000064373018E-002
   4.69999989494681       2.814000062897803E-002
   4.71999989449978       2.790000062361361E-002
   4.73999989405274       2.730000061020257E-002
   4.75999989360571       2.712000060617925E-002
   4.77999989315867       2.850000063702466E-002
   4.79999989271164       3.114000069603326E-002
   4.81999989226460       2.880000064373018E-002
   4.83999989181757       2.766000061824920E-002
   4.85999989137053       2.730000061020257E-002
   4.87999989092350       3.156000070542099E-002
   4.89999989047647       2.898000064775350E-002
   4.91999989002943       2.916000065177681E-002
   4.93999988958240       3.000000067055227E-002
   4.95999988913536       2.964000066250565E-002
   4.97999988868833       2.676000059813263E-002
   4.99999988824129       2.682000059947373E-002
   5.01999988779426       2.706000060483815E-002
   5.03999988734722       2.814000062897803E-002
   5.05999988690019       2.982000066652896E-002
   5.07999988645315       2.970000066384675E-002
   5.09999988600612       2.946000065848233E-002
   5.11999988555908       2.934000065580012E-002
   5.13999988511205       3.204000071614983E-002
   5.15999988466501       3.096000069200995E-002
   5.17999988421798       3.054000068262221E-002
   5.19999988377094       3.288000073492529E-002
   5.21999988332391       3.282000073358419E-002
   5.23999988287687       3.150000070407988E-002
   5.25999988242984       2.958000066116454E-002
   5.27999988198280       3.156000070542099E-002
   5.29999988153577       3.066000068530442E-002
   5.31999988108873       3.108000069469215E-002
   5.33999988064170       3.288000073492529E-002
   5.35999988019466       3.168000070810320E-002
   5.37999987974763       3.186000071212652E-002
   5.39999987930059       3.156000070542099E-002
   5.41999987885356       3.132000070005658E-002
   5.43999987840652       3.390000075772407E-002
   5.45999987795949       3.066000068530442E-002
   5.47999987751245       3.234000072285535E-002
   5.49999987706542       2.976000066518785E-002
   5.51999987661839       3.258000072821977E-002
   5.53999987617135       2.958000066116454E-002
   5.55999987572432       3.090000069066884E-002
   5.57999987527728       3.102000069335105E-002
   5.59999987483025       3.138000070139767E-002
   5.61999987438321       3.054000068262221E-002
   5.63999987393618       2.790000062361361E-002
   5.65999987348914       3.258000072821977E-002
   5.67999987304211       2.898000064775350E-002
   5.69999987259507       2.976000066518785E-002
   5.71999987214804       2.874000064238908E-002
   5.73999987170100       2.946000065848233E-002
   5.75999987125397       3.090000069066884E-002
   5.77999987080693       2.982000066652896E-002
   5.79999987035990       3.042000067994001E-002
   5.81999986991286       2.688000060081484E-002
   5.83999986946583       2.940000065714123E-002
   5.85999986901879       3.054000068262221E-002
   5.87999986857176       3.060000068396332E-002
   5.89999986812472       3.198000071480872E-002
   5.91999986767769       3.180000071078541E-002
   5.93999986723065       3.264000072956087E-002
   5.95999986678362       2.910000065043571E-002
   5.97999986633658       2.976000066518785E-002
   5.99999986588955       3.276000073224308E-002
   6.01999986544251       2.976000066518785E-002
   6.03999986499548       3.012000067323448E-002
   6.05999986454844       3.216000071883204E-002
   6.07999986410141       3.030000067725780E-002
   6.09999986365438       2.958000066116454E-002
   6.11999986320734       3.072000068664553E-002
   6.13999986276031       3.054000068262221E-002
   6.15999986231327       3.222000072017314E-002
   6.17999986186624       3.408000076174738E-002
   6.19999986141920       3.240000072419646E-002
   6.21999986097217       3.114000069603326E-002
   6.23999986052513       3.282000073358419E-002
   6.25999986007810       3.468000077515843E-002
   6.27999985963106       3.378000075504186E-002
   6.29999985918403       3.156000070542099E-002
   6.31999985873699       3.414000076308848E-002
   6.33999985828996       3.114000069603326E-002
   6.35999985784292       3.420000076442959E-002
   6.37999985739589       3.240000072419646E-002
   6.39999985694885       3.360000075101854E-002
   6.41999985650182       3.384000075638297E-002
   6.43999985605478       3.132000070005658E-002
   6.45999985560775       3.270000073090198E-002
   6.47999985516071       3.426000076577070E-002
   6.49999985471368       3.072000068664553E-002
   6.51999985426664       3.480000077784064E-002
   6.53999985381961       3.384000075638297E-002
   6.55999985337257       3.366000075235965E-002
   6.57999985292554       3.348000074833634E-002
   6.59999985247850       3.258000072821977E-002
   6.61999985203147       3.108000069469215E-002
   6.63999985158443       3.600000080466273E-002
   6.65999985113740       3.180000071078541E-002
   6.67999985069036       3.420000076442959E-002
   6.69999985024333       3.348000074833634E-002
   6.71999984979630       3.330000074431302E-002
   6.73999984934926       3.168000070810320E-002
   6.75999984890223       3.282000073358419E-002
   6.77999984845519       3.396000075906518E-002
   6.79999984800816       3.348000074833634E-002
   6.81999984756112       3.240000072419646E-002
   6.83999984711409       3.276000073224308E-002
   6.85999984666705       3.024000067591669E-002
   6.87999984622002       3.276000073224308E-002
   6.89999984577298       3.114000069603326E-002
   6.91999984532595       3.180000071078541E-002
   6.93999984487891       3.264000072956087E-002
   6.95999984443188       3.252000072687866E-002
   6.97999984398484       3.234000072285535E-002
   6.99999984353781       3.246000072553756E-002
   7.01999984309077       3.324000074297192E-002
   7.03999984264374       3.216000071883204E-002
   7.05999984219670       3.258000072821977E-002
   7.07999984174967       3.324000074297192E-002
   7.09999984130263       3.336000074565413E-002
   7.11999984085560       3.492000078052285E-002
   7.13999984040856       3.390000075772407E-002
   7.15999983996153       3.192000071346762E-002
   7.17999983951449       3.336000074565413E-002
   7.19999983906746       3.558000079527500E-002
   7.21999983862042       3.414000076308848E-002
   7.23999983817339       3.426000076577070E-002
   7.25999983772635       3.384000075638297E-002
   7.27999983727932       3.468000077515843E-002
   7.29999983683228       3.366000075235965E-002
   7.31999983638525       3.288000073492529E-002
   7.33999983593822       3.234000072285535E-002
   7.35999983549118       3.816000085294249E-002
   7.37999983504415       3.732000083416703E-002
   7.39999983459711       3.522000078722837E-002
   7.41999983415008       3.378000075504186E-002
   7.43999983370304       3.336000074565413E-002
   7.45999983325601       3.618000080868604E-002
   7.47999983280897       3.606000080600383E-002
   7.49999983236194       3.474000077649953E-002
   7.51999983191490       3.468000077515843E-002
   7.53999983146787       3.576000079929831E-002
   7.55999983102083       3.528000078856947E-002
   7.57999983057380       3.318000074163081E-002
   7.59999983012676       3.414000076308848E-002
   7.61999982967973       3.402000076040627E-002
   7.63999982923269       3.510000078454616E-002
   7.65999982878566       3.570000079795720E-002
   7.67999982833862       3.432000076711180E-002
   7.69999982789159       3.690000082477930E-002
   7.71999982744455       3.588000080198052E-002
   7.73999982699752       3.618000080868604E-002
   7.75999982655048       3.558000079527500E-002
   7.77999982610345       3.384000075638297E-002
   7.79999982565641       3.474000077649953E-002
   7.81999982520938       3.324000074297192E-002
   7.83999982476234       3.294000073626640E-002
   7.85999982431531       3.492000078052285E-002
   7.87999982386827       3.306000073894860E-002
   7.89999982342124       3.384000075638297E-002
   7.91999982297421       3.390000075772407E-002
   7.93999982252717       3.366000075235965E-002
   7.95999982208014       3.642000081405046E-002
   7.97999982163310       3.252000072687866E-002
   7.99999982118607       3.294000073626640E-002
   8.01999982073903       3.468000077515843E-002
   8.03999982029200       3.090000069066884E-002
   8.05999981984496       3.720000083148482E-002
   8.07999981939793       3.390000075772407E-002
   8.09999981895089       3.618000080868604E-002
   8.11999981850386       3.438000076845291E-002
   8.13999981805682       3.324000074297192E-002
   8.15999981760979       3.450000077113512E-002
   8.17999981716275       3.624000081002714E-002
   8.19999981671572       3.630000081136825E-002
   8.21999981626868       3.672000082075598E-002
   8.23999981582165       3.546000079259279E-002
   8.25999981537461       3.552000079393389E-002
   8.27999981492758       3.486000077918174E-002
   8.29999981448054       4.086000091329220E-002
   8.31999981403351       3.522000078722837E-002
   8.33999981358647       3.534000078991058E-002
   8.35999981313944       3.570000079795720E-002
   8.37999981269240       3.336000074565413E-002
   8.39999981224537       3.714000083014372E-002
   8.41999981179833       3.660000081807378E-002
   8.43999981135130       3.414000076308848E-002
   8.45999981090426       3.558000079527500E-002
   8.47999981045723       3.510000078454616E-002
   8.49999981001019       3.342000074699523E-002
   8.51999980956316       3.504000078320506E-002
   8.53999980911613       3.540000079125168E-002
   8.55999980866909       3.540000079125168E-002
   8.57999980822206       3.468000077515843E-002
   8.59999980777502       3.546000079259279E-002
   8.61999980732799       3.516000078588726E-002
   8.63999980688095       3.720000083148482E-002
   8.65999980643392       3.714000083014372E-002
   8.67999980598688       3.552000079393389E-002
   8.69999980553985       3.804000085026028E-002
   8.71999980509281       3.582000080063941E-002
   8.73999980464578       3.594000080332162E-002
   8.75999980419874       3.852000086098912E-002
   8.77999980375171       3.810000085160139E-002
   8.79999980330467       3.396000075906518E-002
   8.81999980285764       3.402000076040627E-002
   8.83999980241060       3.666000081941487E-002
   8.85999980196357       3.558000079527500E-002
   8.87999980151653       3.630000081136825E-002
   8.89999980106950       3.534000078991058E-002
   8.91999980062246       3.672000082075598E-002
   8.93999980017543       3.384000075638297E-002
   8.95999979972839       3.636000081270935E-002
   8.97999979928136       3.468000077515843E-002
   8.99999979883432       3.420000076442959E-002
   9.01999979838729       3.660000081807378E-002
   9.03999979794025       3.642000081405046E-002
   9.05999979749322       3.396000075906518E-002
   9.07999979704618       3.792000084757807E-002
   9.09999979659915       3.450000077113512E-002
   9.11999979615211       3.726000083282592E-002
   9.13999979570508       3.648000081539157E-002
   9.15999979525805       3.474000077649953E-002
   9.17999979481101       3.402000076040627E-002
   9.19999979436398       3.462000077381732E-002
   9.21999979391694       3.642000081405046E-002
   9.23999979346991       3.276000073224308E-002
   9.25999979302287       3.588000080198052E-002
   9.27999979257584       3.300000073760750E-002
   9.29999979212880       3.414000076308848E-002
   9.31999979168177       3.540000079125168E-002
   9.33999979123473       3.624000081002714E-002
   9.35999979078770       3.912000087440017E-002
   9.37999979034066       3.732000083416703E-002
   9.39999978989363       3.438000076845291E-002
   9.41999978944659       3.702000082746151E-002
   9.43999978899956       3.582000080063941E-002
   9.45999978855252       3.840000085830691E-002
   9.47999978810549       3.492000078052285E-002
   9.49999978765845       3.486000077918174E-002
   9.51999978721142       3.516000078588726E-002
   9.53999978676438       3.564000079661610E-002
   9.55999978631735       3.522000078722837E-002
   9.57999978587031       3.822000085428360E-002
   9.59999978542328       3.924000087708238E-002
   9.61999978497624       3.690000082477930E-002
   9.63999978452921       3.348000074833634E-002
   9.65999978408217       3.324000074297192E-002
   9.67999978363514       3.750000083819034E-002
   9.69999978318810       3.426000076577070E-002
   9.71999978274107       3.672000082075598E-002
   9.73999978229403       3.762000084087255E-002
   9.75999978184700       3.594000080332162E-002
   9.77999978139997       3.630000081136825E-002
   9.79999978095293       3.480000077784064E-002
   9.81999978050590       3.576000079929831E-002
   9.83999978005886       3.822000085428360E-002
   9.85999977961183       3.834000085696580E-002
   9.87999977916479       3.726000083282592E-002
   9.89999977871776       3.894000087037685E-002
   9.91999977827072       3.798000084891918E-002
   9.93999977782369       3.678000082209709E-002
   9.95999977737665       3.804000085026028E-002
   9.97999977692962       3.552000079393389E-002
   9.99999977648258       3.582000080063941E-002
   10.0199997760355       3.186000071212652E-002
   10.0399997755885       3.498000078186395E-002
   10.0599997751415       3.486000077918174E-002
   10.0799997746944       3.450000077113512E-002
   10.0999997742474       3.396000075906518E-002
   10.1199997738004       3.576000079929831E-002
   10.1399997733533       3.600000080466273E-002
   10.1599997729063       3.312000074028971E-002
   10.1799997724593       3.624000081002714E-002
   10.1999997720122       3.564000079661610E-002
   10.2199997715652       3.564000079661610E-002
   10.2399997711182       3.876000086635353E-002
   10.2599997706711       3.726000083282592E-002
   10.2799997702241       3.546000079259279E-002
   10.2999997697771       3.480000077784064E-002
   10.3199997693300       3.540000079125168E-002
   10.3399997688830       3.336000074565413E-002
   10.3599997684360       3.480000077784064E-002
   10.3799997679889       3.474000077649953E-002
   10.3999997675419       3.456000077247622E-002
   10.4199997670949       3.456000077247622E-002
   10.4399997666478       3.594000080332162E-002
   10.4599997662008       3.732000083416703E-002
   10.4799997657537       3.786000084623697E-002
   10.4999997653067       3.702000082746151E-002
   10.5199997648597       3.834000085696580E-002
   10.5399997644126       3.564000079661610E-002
   10.5599997639656       3.774000084355476E-002
   10.5799997635186       3.540000079125168E-002
   10.5999997630715       3.576000079929831E-002
   10.6199997626245       3.630000081136825E-002
   10.6399997621775       3.432000076711180E-002
   10.6599997617304       3.792000084757807E-002
   10.6799997612834       3.690000082477930E-002
   10.6999997608364       3.414000076308848E-002
   10.7199997603893       3.666000081941487E-002
   10.7399997599423       3.744000083684924E-002
   10.7599997594953       3.474000077649953E-002
   10.7799997590482       3.336000074565413E-002
   10.7999997586012       3.456000077247622E-002
   10.8199997581542       3.246000072553756E-002
   10.8399997577071       3.558000079527500E-002
   10.8599997572601       3.780000084489586E-002
   10.8799997568130       3.744000083684924E-002
   10.8999997563660       3.426000076577070E-002
   10.9199997559190       3.582000080063941E-002
   10.9399997554719       3.750000083819034E-002
   10.9599997550249       3.450000077113512E-002
   10.9799997545779       3.222000072017314E-002
   10.9999997541308       3.708000082880261E-002
   11.0199997536838       3.660000081807378E-002
   11.0399997532368       3.660000081807378E-002
   11.0599997527897       3.582000080063941E-002
   11.0799997523427       3.594000080332162E-002
   11.0999997518957       3.306000073894860E-002
   11.1199997514486       3.666000081941487E-002
   11.1399997510016       3.426000076577070E-002
   11.1599997505546       3.366000075235965E-002
   11.1799997501075       3.252000072687866E-002
   11.1999997496605       3.414000076308848E-002
   11.2199997492135       3.264000072956087E-002
   11.2399997487664       3.924000087708238E-002
   11.2599997483194       3.738000083550813E-002
   11.2799997478724       3.402000076040627E-002
   11.2999997474253       3.564000079661610E-002
   11.3199997469783       3.426000076577070E-002
   11.3399997465312       3.594000080332162E-002
   11.3599997460842       3.408000076174738E-002
   11.3799997456372       3.516000078588726E-002
   11.3999997451901       3.522000078722837E-002
   11.4199997447431       3.726000083282592E-002
   11.4399997442961       3.492000078052285E-002
   11.4599997438490       3.516000078588726E-002
   11.4799997434020       3.564000079661610E-002
   11.4999997429550       3.570000079795720E-002
   11.5199997425079       3.330000074431302E-002
   11.5399997420609       3.438000076845291E-002
   11.5599997416139       3.522000078722837E-002
   11.5799997411668       3.600000080466273E-002
   11.5999997407198       3.558000079527500E-002
   11.6199997402728       3.798000084891918E-002
   11.6399997398257       3.234000072285535E-002
   11.6599997393787       3.576000079929831E-002
   11.6799997389317       3.342000074699523E-002
   11.6999997384846       3.378000075504186E-002
   11.7199997380376       3.762000084087255E-002
   11.7399997375906       3.468000077515843E-002
   11.7599997371435       3.492000078052285E-002
   11.7799997366965       3.570000079795720E-002
   11.7999997362494       3.372000075370075E-002
   11.8199997358024       3.378000075504186E-002
   11.8399997353554       3.222000072017314E-002
   11.8599997349083       3.246000072553756E-002
   11.8799997344613       3.582000080063941E-002
   11.8999997340143       3.540000079125168E-002
   11.9199997335672       3.468000077515843E-002
   11.9399997331202       3.234000072285535E-002
   11.9599997326732       3.306000073894860E-002
   11.9799997322261       3.414000076308848E-002
   11.9999997317791       3.462000077381732E-002
   12.0199997313321       3.228000072151425E-002
   12.0399997308850       3.360000075101854E-002
   12.0599997304380       3.312000074028971E-002
   12.0799997299910       3.252000072687866E-002
   12.0999997295439       3.252000072687866E-002
   12.1199997290969       3.456000077247622E-002
   12.1399997286499       3.222000072017314E-002
   12.1599997282028       3.738000083550813E-002
   12.1799997277558       3.414000076308848E-002
   12.1999997273088       3.426000076577070E-002
   12.2199997268617       3.186000071212652E-002
   12.2399997264147       3.396000075906518E-002
   12.2599997259676       3.480000077784064E-002
   12.2799997255206       3.114000069603326E-002
   12.2999997250736       3.360000075101854E-002
   12.3199997246265       3.444000076979401E-002
   12.3399997241795       3.312000074028971E-002
   12.3599997237325       3.270000073090198E-002
   12.3799997232854       3.168000070810320E-002
   12.3999997228384       3.684000082343819E-002
   12.4199997223914       3.294000073626640E-002
   12.4399997219443       3.348000074833634E-002
   12.4599997214973       3.474000077649953E-002
   12.4799997210503       3.306000073894860E-002
   12.4999997206032       3.558000079527500E-002
   12.5199997201562       3.216000071883204E-002
   12.5399997197092       3.288000073492529E-002
   12.5599997192621       3.240000072419646E-002
   12.5799997188151       3.264000072956087E-002
   12.5999997183681       3.228000072151425E-002
   12.6199997179210       3.252000072687866E-002
   12.6399997174740       2.910000065043571E-002
   12.6599997170269       3.306000073894860E-002
   12.6799997165799       3.210000071749093E-002
   12.6999997161329       3.546000079259279E-002
   12.7199997156858       3.420000076442959E-002
   12.7399997152388       3.042000067994001E-002
   12.7599997147918       3.282000073358419E-002
   12.7799997143447       3.192000071346762E-002
   12.7999997138977       3.444000076979401E-002
   12.8199997134507       3.474000077649953E-002
   12.8399997130036       3.126000069871547E-002
   12.8599997125566       3.318000074163081E-002
   12.8799997121096       3.306000073894860E-002
   12.8999997116625       3.402000076040627E-002
   12.9199997112155       3.516000078588726E-002
   12.9399997107685       3.174000070944431E-002
   12.9599997103214       3.132000070005658E-002
   12.9799997098744       3.234000072285535E-002
   12.9999997094274       3.282000073358419E-002
   13.0199997089803       3.174000070944431E-002
   13.0399997085333       3.246000072553756E-002
   13.0599997080863       3.060000068396332E-002
   13.0799997076392       3.174000070944431E-002
   13.0999997071922       3.318000074163081E-002
   13.1199997067451       3.396000075906518E-002
   13.1399997062981       3.018000067457559E-002
   13.1599997058511       3.126000069871547E-002
   13.1799997054040       3.012000067323448E-002
   13.1999997049570       3.078000068798663E-002
   13.2199997045100       3.348000074833634E-002
   13.2399997040629       3.162000070676210E-002
   13.2599997036159       3.132000070005658E-002
   13.2799997031689       3.072000068664553E-002
   13.2999997027218       2.982000066652896E-002
   13.3199997022748       3.096000069200995E-002
   13.3399997018278       3.096000069200995E-002
   13.3599997013807       3.384000075638297E-002
   13.3799997009337       3.294000073626640E-002
   13.3999997004867       3.204000071614983E-002
   13.4199997000396       3.006000067189338E-002
   13.4399996995926       2.994000066921117E-002
   13.4599996991456       2.820000063031914E-002
   13.4799996986985       3.030000067725780E-002
   13.4999996982515       2.952000065982344E-002
   13.5199996978045       3.102000069335105E-002
   13.5399996973574       3.174000070944431E-002
   13.5599996969104       2.790000062361361E-002
   13.5799996964633       2.958000066116454E-002
   13.5999996960163       3.012000067323448E-002
   13.6199996955693       2.886000064507129E-002
   13.6399996951222       3.096000069200995E-002
   13.6599996946752       2.922000065311791E-002
   13.6799996942282       3.132000070005658E-002
   13.6999996937811       2.904000064909460E-002
   13.7199996933341       2.898000064775350E-002
   13.7399996928871       3.024000067591669E-002
   13.7599996924400       2.730000061020257E-002
   13.7799996919930       2.784000062227251E-002
   13.7999996915460       3.078000068798663E-002
   13.8199996910989       3.030000067725780E-002
   13.8399996906519       2.862000063970687E-002
   13.8599996902049       3.000000067055227E-002
   13.8799996897578       3.018000067457559E-002
   13.8999996893108       2.724000060886147E-002
   13.9199996888638       2.922000065311791E-002
   13.9399996884167       2.904000064909460E-002
   13.9599996879697       2.916000065177681E-002
   13.9799996875226       3.168000070810320E-002
   13.9999996870756       3.024000067591669E-002
   14.0199996866286       2.760000061690809E-002
   14.0399996861815       3.072000068664553E-002
   14.0599996857345       2.838000063434245E-002
   14.0799996852875       2.940000065714123E-002
   14.0999996848404       2.904000064909460E-002
   14.1199996843934       3.144000070273878E-002
   14.1399996839464       2.820000063031914E-002
   14.1599996834993       2.940000065714123E-002
   14.1799996830523       3.138000070139767E-002
   14.1999996826053       2.694000060215594E-002
   14.2199996821582       2.910000065043571E-002
   14.2399996817112       3.072000068664553E-002
   14.2599996812642       3.024000067591669E-002
   14.2799996808171       3.198000071480872E-002
   14.2999996803701       2.772000061959030E-002
   14.3199996799231       2.796000062495472E-002
   14.3399996794760       3.090000069066884E-002
   14.3599996790290       3.000000067055227E-002
   14.3799996785820       2.868000064104797E-002
   14.3999996781349       2.976000066518785E-002
   14.4199996776879       2.994000066921117E-002
   14.4399996772408       3.012000067323448E-002
   14.4599996767938       2.892000064641239E-002
   14.4799996763468       2.958000066116454E-002
   14.4999996758997       2.820000063031914E-002
   14.5199996754527       2.652000059276821E-002
   14.5399996750057       2.988000066787007E-002
   14.5599996745586       3.006000067189338E-002
   14.5799996741116       2.892000064641239E-002
   14.5999996736646       2.712000060617925E-002
   14.6199996732175       2.796000062495472E-002
   14.6399996727705       2.790000062361361E-002
   14.6599996723235       2.916000065177681E-002
   14.6799996718764       2.676000059813263E-002
   14.6999996714294       2.670000059679152E-002
   14.7199996709824       2.700000060349705E-002
   14.7399996705353       2.820000063031914E-002
   14.7599996700883       2.796000062495472E-002
   14.7799996696413       3.084000068932774E-002
   14.7999996691942       2.880000064373018E-002
   14.8199996687472       2.736000061154367E-002
   14.8399996683002       2.850000063702466E-002
   14.8599996678531       2.664000059545042E-002
   14.8799996674061       2.754000061556699E-002
   14.8999996669590       2.826000063166024E-002
   14.9199996665120       2.784000062227251E-002
   14.9399996660650       2.460000054985286E-002
   14.9599996656179       2.628000058740379E-002
   14.9799996651709       2.736000061154367E-002
   14.9999996647239       2.868000064104797E-002
   15.0199996642768       2.802000062629582E-002
   15.0399996638298       2.862000063970687E-002
   15.0599996633828       2.556000057131054E-002
   15.0799996629357       2.376000053107740E-002
   15.0999996624887       2.706000060483815E-002
   15.1199996620417       2.910000065043571E-002
   15.1399996615946       2.970000066384675E-002
   15.1599996611476       2.790000062361361E-002
   15.1799996607006       2.868000064104797E-002
   15.1999996602535       2.646000059142711E-002
   15.2199996598065       2.922000065311791E-002
   15.2399996593595       2.622000058606269E-002
   15.2599996589124       2.664000059545042E-002
   15.2799996584654       2.832000063300135E-002
   15.2999996580184       2.772000061959030E-002
   15.3199996575713       2.982000066652896E-002
   15.3399996571243       2.640000059008600E-002
   15.3599996566772       2.682000059947373E-002
   15.3799996562302       2.850000063702466E-002
   15.3999996557832       2.718000060752036E-002
   15.4199996553361       2.724000060886147E-002
   15.4399996548891       2.694000060215594E-002
   15.4599996544421       2.856000063836577E-002
   15.4799996539950       2.946000065848233E-002
   15.4999996535480       2.694000060215594E-002
   15.5199996531010       2.718000060752036E-002
   15.5399996526539       2.736000061154367E-002
   15.5599996522069       2.748000061422588E-002
   15.5799996517599       2.700000060349705E-002
   15.5999996513128       2.676000059813263E-002
   15.6199996508658       2.676000059813263E-002
   15.6399996504188       2.916000065177681E-002
   15.6599996499717       2.976000066518785E-002
   15.6799996495247       2.760000061690809E-002
   15.6999996490777       2.820000063031914E-002
   15.7199996486306       2.940000065714123E-002
   15.7399996481836       2.706000060483815E-002
   15.7599996477365       2.664000059545042E-002
   15.7799996472895       2.784000062227251E-002
   15.7999996468425       2.772000061959030E-002
   15.8199996463954       2.790000062361361E-002
   15.8399996459484       2.604000058203937E-002
   15.8599996455014       2.586000057801606E-002
   15.8799996450543       2.604000058203937E-002
   15.8999996446073       2.418000054046513E-002
   15.9199996441603       2.508000056058170E-002
   15.9399996437132       2.706000060483815E-002
   15.9599996432662       2.628000058740379E-002
   15.9799996428192       2.574000057533385E-002
   15.9999996423721       2.532000056594612E-002
   16.0199996419251       2.688000060081484E-002
   16.0399996414781       2.628000058740379E-002
   16.0599996410310       2.406000053778292E-002
   16.0799996405840       2.496000055789949E-002
   16.0999996401370       2.724000060886147E-002
   16.1199996396899       2.640000059008600E-002
   16.1399996392429       2.514000056192281E-002
   16.1599996387959       2.490000055655839E-002
   16.1799996383488       2.808000062763693E-002
   16.1999996379018       2.700000060349705E-002
   16.2199996374547       2.760000061690809E-002
   16.2399996370077       2.508000056058170E-002
   16.2599996365607       2.760000061690809E-002
   16.2799996361136       2.766000061824920E-002
   16.2999996356666       2.754000061556699E-002
   16.3199996352196       2.400000053644182E-002
   16.3399996347725       2.682000059947373E-002
   16.3599996343255       2.718000060752036E-002
   16.3799996338785       2.526000056460501E-002
   16.3999996334314       2.826000063166024E-002
   16.4199996329844       2.838000063434245E-002
   16.4399996325374       2.622000058606269E-002
   16.4599996320903       2.994000066921117E-002
   16.4799996316433       2.622000058606269E-002
   16.4999996311963       2.736000061154367E-002
   16.5199996307492       2.580000057667495E-002
   16.5399996303022       2.988000066787007E-002
   16.5599996298552       2.628000058740379E-002
   16.5799996294081       2.784000062227251E-002
   16.5999996289611       2.796000062495472E-002
   16.6199996285141       2.550000056996943E-002
   16.6399996280670       2.640000059008600E-002
   16.6599996276200       2.904000064909460E-002
   16.6799996271729       2.676000059813263E-002
   16.6999996267259       2.616000058472158E-002
   16.7199996262789       2.556000057131054E-002
   16.7399996258318       2.532000056594612E-002
   16.7599996253848       2.754000061556699E-002
   16.7799996249378       2.628000058740379E-002
   16.7999996244907       2.544000056862833E-002
   16.8199996240437       2.556000057131054E-002
   16.8399996235967       2.682000059947373E-002
   16.8599996231496       2.634000058874490E-002
   16.8799996227026       2.496000055789949E-002
   16.8999996222556       2.586000057801606E-002
   16.9199996218085       2.370000052973630E-002
   16.9399996213615       2.442000054582955E-002
   16.9599996209145       2.358000052705409E-002
   16.9799996204674       2.484000055521728E-002
   16.9999996200204       2.532000056594612E-002
   17.0199996195734       2.508000056058170E-002
   17.0399996191263       2.322000051900746E-002
   17.0599996186793       2.646000059142711E-002
   17.0799996182323       2.556000057131054E-002
   17.0999996177852       2.370000052973630E-002
   17.1199996173382       2.466000055119397E-002
   17.1399996168911       2.382000053241851E-002
   17.1599996164441       2.400000053644182E-002
   17.1799996159971       2.688000060081484E-002
   17.1999996155500       2.706000060483815E-002
   17.2199996151030       2.496000055789949E-002
   17.2399996146560       2.448000054717065E-002
   17.2599996142089       2.478000055387618E-002
   17.2799996137619       2.556000057131054E-002
   17.2999996133149       2.676000059813263E-002
   17.3199996128678       2.526000056460501E-002
   17.3399996124208       2.412000053912403E-002
   17.3599996119738       2.484000055521728E-002
   17.3799996115267       2.472000055253507E-002
   17.3999996110797       2.418000054046513E-002
   17.4199996106327       2.592000057935717E-002
   17.4399996101856       2.370000052973630E-002
   17.4599996097386       2.556000057131054E-002
   17.4799996092916       2.532000056594612E-002
   17.4999996088445       2.724000060886147E-002
   17.5199996083975       2.442000054582955E-002
   17.5399996079504       2.466000055119397E-002
   17.5599996075034       2.862000063970687E-002
   17.5799996070564       2.616000058472158E-002
   17.5999996066093       2.484000055521728E-002
   17.6199996061623       2.652000059276821E-002
   17.6399996057153       2.544000056862833E-002
   17.6599996052682       2.490000055655839E-002
   17.6799996048212       2.556000057131054E-002
   17.6999996043742       2.814000062897803E-002
   17.7199996039271       2.604000058203937E-002
   17.7399996034801       2.508000056058170E-002
   17.7599996030331       2.268000050693752E-002
   17.7799996025860       2.352000052571298E-002
   17.7999996021390       2.388000053375961E-002
   17.8199996016920       2.430000054314734E-002
   17.8399996012449       2.352000052571298E-002
   17.8599996007979       2.532000056594612E-002
   17.8799996003509       2.532000056594612E-002
   17.8999995999038       2.448000054717065E-002
   17.9199995994568       2.436000054448845E-002
   17.9399995990098       2.472000055253507E-002
   17.9599995985627       2.268000050693752E-002
   17.9799995981157       2.502000055924060E-002
   17.9999995976686       2.574000057533385E-002
   18.0199995972216       2.340000052303077E-002
   18.0399995967746       2.328000052034856E-002
   18.0599995963275       2.592000057935717E-002
   18.0799995958805       2.490000055655839E-002
   18.0999995954335       2.502000055924060E-002
   18.1199995949864       2.388000053375961E-002
   18.1399995945394       2.442000054582955E-002
   18.1599995940924       2.604000058203937E-002
   18.1799995936453       2.388000053375961E-002
   18.1999995931983       2.634000058874490E-002
   18.2199995927513       2.520000056326391E-002
   18.2399995923042       2.568000057399275E-002
   18.2599995918572       2.442000054582955E-002
   18.2799995914102       2.394000053510071E-002
   18.2999995909631       2.550000056996943E-002
   18.3199995905161       2.424000054180624E-002
   18.3399995900691       2.586000057801606E-002
   18.3599995896220       2.586000057801606E-002
   18.3799995891750       2.544000056862833E-002
   18.3999995887280       2.556000057131054E-002
   18.4199995882809       2.406000053778292E-002
   18.4399995878339       2.472000055253507E-002
   18.4599995873868       2.292000051230194E-002
   18.4799995869398       2.628000058740379E-002
   18.4999995864928       2.514000056192281E-002
   18.5199995860457       2.478000055387618E-002
   18.5399995855987       2.412000053912403E-002
   18.5599995851517       2.526000056460501E-002
   18.5799995847046       2.490000055655839E-002
   18.5999995842576       2.352000052571298E-002
   18.6199995838106       2.346000052437188E-002
   18.6399995833635       2.328000052034856E-002
   18.6599995829165       2.394000053510071E-002
   18.6799995824695       2.436000054448845E-002
   18.6999995820224       2.574000057533385E-002
   18.7199995815754       2.718000060752036E-002
   18.7399995811284       2.592000057935717E-002
   18.7599995806813       2.598000058069827E-002
   18.7799995802343       2.640000059008600E-002
   18.7999995797873       2.562000057265164E-002
   18.8199995793402       2.442000054582955E-002
   18.8399995788932       2.472000055253507E-002
   18.8599995784461       2.490000055655839E-002
   18.8799995779991       2.568000057399275E-002
   18.8999995775521       2.346000052437188E-002
   18.9199995771050       2.718000060752036E-002
   18.9399995766580       2.406000053778292E-002
   18.9599995762110       2.532000056594612E-002
   18.9799995757639       2.688000060081484E-002
   18.9999995753169       2.376000053107740E-002
   19.0199995748699       2.580000057667495E-002
   19.0399995744228       2.556000057131054E-002
   19.0599995739758       2.586000057801606E-002
   19.0799995735288       2.532000056594612E-002
   19.0999995730817       2.652000059276821E-002
   19.1199995726347       2.340000052303077E-002
   19.1399995721877       2.784000062227251E-002
   19.1599995717406       2.538000056728722E-002
   19.1799995712936       2.712000060617925E-002
   19.1999995708466       2.682000059947373E-002
   19.2199995703995       2.502000055924060E-002
   19.2399995699525       2.604000058203937E-002
   19.2599995695055       2.574000057533385E-002
   19.2799995690584       2.298000051364304E-002
   19.2999995686114       2.730000061020257E-002
   19.3199995681643       2.586000057801606E-002
   19.3399995677173       2.460000054985286E-002
   19.3599995672703       2.652000059276821E-002
   19.3799995668232       2.550000056996943E-002
   19.3999995663762       2.676000059813263E-002
   19.4199995659292       2.766000061824920E-002
   19.4399995654821       2.532000056594612E-002
   19.4599995650351       2.784000062227251E-002
   19.4799995645881       2.460000054985286E-002
   19.4999995641410       2.316000051766635E-002
   19.5199995636940       2.640000059008600E-002
   19.5399995632470       2.490000055655839E-002
   19.5599995627999       2.286000051096083E-002
   19.5799995623529       2.568000057399275E-002
   19.5999995619059       2.526000056460501E-002
   19.6199995614588       2.832000063300135E-002
   19.6399995610118       2.646000059142711E-002
   19.6599995605648       2.718000060752036E-002
   19.6799995601177       2.724000060886147E-002
   19.6999995596707       2.700000060349705E-002
   19.7199995592237       2.652000059276821E-002
   19.7399995587766       2.790000062361361E-002
   19.7599995583296       2.580000057667495E-002
   19.7799995578825       2.634000058874490E-002
   19.7999995574355       2.538000056728722E-002
   19.8199995569885       2.886000064507129E-002
   19.8399995565414       2.712000060617925E-002
   19.8599995560944       2.760000061690809E-002
   19.8799995556474       2.448000054717065E-002
   19.8999995552003       2.466000055119397E-002
   19.9199995547533       2.760000061690809E-002
   19.9399995543063       2.598000058069827E-002
   19.9599995538592       2.580000057667495E-002
   19.9799995534122       2.460000054985286E-002
   19.9999995529652       0.000000000000000E+000
