0.32015558217124107
-5.25114599384504145E-003
3.28183371163134480E-002
0.37012849005527304
0.15060486361112552
1.0247453011464882
0.11532208611994642
-0.28582522993259074
0.56485550166723542
0.82200305157345277
-0.66430465339929801
1.7710631636478034
-0.50125729389552565
-0.51536265868205045
-0.24394434199337531
-0.77413605019296339
0.47439606215806768
0.24668822813894445
0.82073504864103952
-3.91565688974397728E-003
-0.47788668892289954
1.0949156434755141
-2.92819997495667138E-002
1.5162402599989377
-0.84579320551633097
-0.62038589780780162
-0.50137070479914636
0.31355969969217939
1.8829713342357919
-0.19464733926775896
-8.03090378962384860E-002
1.0210772347035906
-0.50288154161911847
-0.82750136436682076
0.55767633244315784
-0.34668549226490986
-0.94631035319822554
0.25307949927582607
0.77570518312902514
-1.3687618265522745
0.44571025306146173
0.66354658420513779
0.35468517500158797
0.74658706297564048
-0.39557589319135888
0.92313909908688074
0.67693888622165910
0.73184963360902189
1.2658873784734057
-0.74848800865051190
0.17783221980733949
0.10882975197384508
0.37500145343149860
0.24235555496006778
0.97242123629373778
0.44993652371035936
-1.2839977118557098
-1.1880092586815261
-1.4339470564298502
-0.93988461326462680
-0.30230442142638425
0.38588907682757972
0.45256536021043087
-0.69556563726725007
-0.12323880685973669
-1.1789298109477910
0.41894864469559151
0.48022179332897558
0.62045633049775528
0.84540542615170600
-1.2512564708290215
0.35795456526421082
-0.65623102268496125
-1.0602303714671137
0.44690262375143597
0.18406596630874919
-0.22846126800494948
2.67544025832036590E-002
0.87820287152652377
1.1274298182114155
0.61216744987572180
1.2282676444964844
3.15141281513397001E-002
-1.3563046500576299
-6.88423675420741787E-002
0.21484035006321361
0.55818629274206488
-4.69998455868277029E-002
-0.73653797209766991
0.67669256768729857
-0.63418054137586954
0.79996586844633921
-0.89273584614139811
0.27231892249560197
0.25359778562802265
-0.24107679996429479
0.23162459798433510
1.55824121057366923E-002
1.3992942406433995
-0.27846226496175908
0.43176923166609282
-0.65054357654573414
-0.23420204329832997
0.30126078974504417
-0.31954927205339867
4.64004356549895039E-002
0.22866247607695747
1.0105446545179924
-0.58509014963571893
7.47892753015175493E-002
0.46926387419830790
1.1461173929867348
6.40763420949972545E-002
0.22700055848791628
0.34640064012786381
0.52369607269611995
-0.12226923463512529
0.93786858270503370
0.33463046291592735
-0.21158656110414545
1.67475976567142484E-002
-0.90370604711875879
-0.36134501944073472
0.21502627308694985
0.69836193837858940
0.70896506239040746
-0.98464145213335041
0.50974256815512464
0.90051875771783674
8.01971423796869753E-002
1.2084611364487268
6.84578246512892591E-002
0.32252052976870377
-0.59542564983889057
0.51925687767820650
0.53871360690965875
-8.14774928196306258E-002
0.13871487289584111
-0.15612862216657356
0.88500399410964792
0.32422404874345145
-0.57281040677153183
0.65433902042402003
-0.27954556971211825
0.74262805148829514
1.71795799028936721E-003
-1.1120932015207297
-0.26083995080808992
-0.37459671587097959
-0.45749429550920057
1.0162732456285459
0.36161394122807838
4.82357746815116201E-002
0.19487994677449569
0.28132260289021804
0.52327692936354986
-1.2390813402436622
-0.82634369613939507
0.48370013381717214
0.83197862831882563
-0.21341505072647859
-0.68712853404481322
1.2456865542241322
-0.15050805285457217
-1.8113648132619791
-0.63289335714639372
-0.89054427423716198
-1.2019171585822033
0.32588496885575302
1.3585697870712219
-0.60993255880988506
0.52383632608639941
-0.24630859422587648
-1.0080236077797302
0.47222181937303054
0.38768552099326870
-0.45006813686657121
0.54426631319068541
0.15642855491137292
0.58334107441176319
2.32605943561451922E-002
0.84898143042602903
-1.2499305662668510
-0.23819867593205704
8.43958115937098741E-002
0.83550986618949896
-0.30270547759907934
-0.10730257781915084
-1.0731620268601598
0.28662603167710088
0.65874901530872931
0.20230541511444000
-0.29582390208302095
-0.57712785501130059
-4.18872664891952115E-002
0.62593566300078896
1.1310344808510726
-2.11249017028007427E-002
-1.0391906652740859
0.17667959237557168
-0.76216498833170321
0.22797773989242792
1.6855236353032286
-0.44330909794342238
1.5859070281836329
-0.44767914861218827
-0.75088801598510713
-0.56520949253510777
0.64138720761846968
-1.3385291158816184
0.42008839892072586
0.52319074739568594
0.12319335925532467
-0.13875052134066859
-0.29818620012600167
0.53627339548750363
-0.29826920514072697
0.55731317117440349
0.35505218001040284
0.65305369426725302
4.70108174888062488E-002
7.21992254781895493E-002
-1.3685715663043228
-0.93889508663215582
-0.51398392802225878
-0.67160850291185636
1.0292481927062869
-0.34476293319035822
1.0145104235973341
0.84346520855734664
-5.00908060074295586E-002
-0.14133382955189783
-0.10304427200310992
0.64418715666302573
-0.86925266677248647
-0.36263594144029115
2.62845736877455587E-003
0.31169951818979147
0.96591397486748087
-0.20133940789479635
-0.74488479822656761
-0.48509871260598303
0.97058931494288025
0.86175528895588005
0.26297074907996221
0.26371848008029769
0.81778103845197314
-0.39058422434103268
-0.46632113703323408
0.16402480631035879
0.11442274939241102
0.50262973643535569
-1.3382368061501262
0.22558144384560133
0.62510765593383044
-0.13017527880987853
-0.63985785104811965
1.1116972585140870
-0.79940812125172733
0.44036485524437369
-0.68633110802325747
-0.99333075473348686
-1.2796645397702628
-0.36569697516302863
-0.38745297617662311
-0.78950230786658881
-2.85270400130890438E-002
-0.21154836080904030
-1.0584666484457701
0.56721240938883655
-0.13386273304457702
-0.83218583279255243
-1.5098972334445189
-1.1034919818037066
0.30623184324724950
-0.15312675896715738
-0.16413059286856777
-0.31896128276397168
0.19874864001849193
0.39735098028255245
-0.28898847245359016
-0.12095765658413737
-1.0457682206742489
4.29126987365307730E-002
5.70345651377582048E-003
-0.39537303408356461
-0.11471349452549026
-0.68297105640718447
-0.78833636931520412
-0.68768410066449692
-7.53546257344790138E-002
0.50447372767804699
0.20145500458917340
1.5571876336647561
2.10240049645896987E-002
-0.80907369528537387
-1.6802822903891623
-1.2229998228467667
-0.29026701350621520
0.71148033412329226
-6.64661262609683307E-002
0.79634244327560111
4.37820768201823210E-002
-0.52019609176001136
7.81102158460336288E-002
-0.24694727743334619
-0.25259539471611303
0.80111838052403062
-0.47116829722689607
0.77704420861521939
0.28193747147037013
0.72786861360156052
-0.13690654551333356
1.38883063656733835E-002
-0.51588331617702299
0.42961525538491263
0.71527012993534422
-0.61813762999601030
-0.53813815722661618
-0.65921541217303081
0.33206282470928322
-0.45064760236003226
0.33999406792579623
-0.32489886282047065
-0.15360193705377886
0.75195243188287242
-0.35638645787056583
-0.22925696320876798
-1.0368110530553134
5.52217787396952348E-002
0.92545961929048659
0.15957128388914005
-0.15105996472282390
0.41412420960519247
-4.67970456588837486E-002
0.74817409147640568
-1.4066078800732502
-4.83176231876551315E-002
-0.31887477289502880
-0.45532442192394701
-0.87231750799180219
0.31102298177573484
0.91471899311881788
1.1059366421639234
-0.22263234106313021
-0.32556745002066551
-0.26677328712295451
0.31405468204279607
-0.65699570926230100
6.27619559308385255E-002
-0.99417966256530688
-0.12032609513463960
-7.13417755280919830E-002
0.42877750959852795
-1.0011015674683759
-1.1291883780796577
-0.66826852153848382
0.36483821429877783
-0.66618841326747125
1.0928871920862684
0.23211321251476863
0.24483032231496821
3.04946694763897908E-002
-0.11442386739578421
0.65279296674948240
-1.9129410731071912
1.22080071894129227E-002
-0.17598580073945777
-0.67461366494071195
0.44283701882646442
0.33855629262343689
-0.40627501546883960
4.26435598112176253E-002
1.0950606670581875
0.78078931959438891
-8.18790758373076910E-002
0.80023257199520348
1.0215789940320306
0.21178307137835634
0.39965940854264775
1.2520805044387904
-0.77631300492595778
0.97246392118166347
-0.75778546590224583
-0.54904133112096576
-0.13746586794774335
-0.53520805003499050
1.0264236336135555
0.13400254448077942
0.45515038287927723
2.62834710999655143E-002
-1.4948552680385681
0.75848140344540149
0.51671420950433178
0.27085350430344673
-1.3980334735757851
0.93610179381119363
9.93184473899649638E-003
-4.98372387713090850E-002
-0.47516967048530273
-0.26981013553682504
-6.73855410086708628E-002
-0.95091418946461581
2.28414585821492301E-002
-1.0734710494063784
0.48518973767353862
0.55188918022044420
0.55031120441461712
-5.35006852350641965E-002
-0.12003334547542063
-0.43118650607822262
1.48401725844416275E-002
0.72455446143015168
-0.38974421573834367
-0.52174907299816287
0.26929159898288513
-0.97796041327612393
0.81588812005952249
0.22972718447437482
-0.71635900743791259
3.10312034972481179E-002
1.45169008018132470E-002
1.6344569454749076
-0.44098764490858977
0.17595879113877758
-0.45260732287878180
9.72308759739771711E-002
-0.69991960438889544
-0.39246077774807142
-0.14014499929645105
-2.46602743061352658E-002
0.89321130736480880
-7.32259592448121499E-002
-1.5053387627501076
-0.98181874815935333
0.60004392718929767
0.10856502956506990
0.19473073664103693
-0.18521950407137580
-0.69223168801291057
-0.47679275675500182
0.15649066005297713
0.28393299765613667
0.88207720303063508
-0.95870927351058577
-0.21431654561561175
0.67939231576924541
0.42064246888256401
0.55404089329228523
2.74494832067913794E-002
0.41443587275942201
-0.10422116576856465
0.27551072019101847
1.6464434503821765
-0.80791161229908426
-1.9169692595716448
-6.54379730952800304E-002
0.23322016923948025
-0.11698341056344022
-1.5532672768973363
-0.87311564037666234
9.71844249780814268E-002
1.1355093715875606
1.1637948152817785
0.40120996747422710
5.95295583249638716E-002
-0.43136500972115421
0.53225215398633008
-3.81333964214511864E-002
-0.57101633520450712
0.69945811581094997
0.47599293550130956
-1.3122294610859555
1.6199673312655514
-0.27207702184256188
0.48089902209946783
-8.11364262795164076E-002
-1.2106371899580928
0.26542303497944875
-0.68125543920064047
-0.35178548158022915
-0.80262118880583888
-8.87122177407877882E-002
0.24127616815187569
-0.11940155868520580
8.42500716567040897E-002
-0.16158425011350963
-0.25288149313821306
-9.30335315906209021E-002
-0.17149349083256368
0.88976434867489851
-0.92028741747398501
0.57267799156871779
-0.27790322659685673
-0.75577043537762090
0.46764518906900299
1.3993060070846866
6.31887133136399613E-004
-0.85815289905589021
-0.29530756055858415
