0.872899213260924
0.601507295999998
0.153524411624269
-1.13780385762853
-0.470773569914130
0.843215853493300
-0.985530320744502
-0.374309424044633
0.376555268879713
6.989436904801088E-002
0.803748836733686
-0.642771342013808
0.185581614772743
-0.383791841059805
7.725819417986093E-002
-0.976458200986345
-0.454618400488225
-0.501998231466709
-0.896793225154733
-1.08351653129492
-6.383687117588797E-002
-0.361101037613517
-0.373622386130443
-0.474717688755821
1.164534656062764E-002
0.723247266696285
8.008858868461921E-003
0.379005699930856
0.885839029337744
-5.553381882156033E-002
0.780264992797258
0.363511279170981
0.890325169191591
0.791576533872046
3.351026672511861E-002
4.066721750487426E-002
0.458073754614301
0.187306727916868
0.281303255345870
-0.182920313632221
6.884904881554191E-002
-0.971212524895625
-1.46198271840114
-1.41034023250880
-0.277939325961281
-0.602356796773089
-0.566102533117202
0.198937020081360
-0.709617973249884
-0.754939837121672
1.24232491336787
0.650845376599927
0.468497564750637
-0.312720737744807
5.154876495972982E-002
0.433295345031349
0.848426826550929
-0.894609961708171
0.406198332185389
-1.28856970757517
0.686343065616141
6.621507463586754E-002
-0.369376532354576
0.581036715406795
-7.366337794233124E-002
-7.674283630059081E-002
-6.642431525331047E-003
-2.235271165078794E-002
0.166823474611158
-1.10484555929742
0.606748901613463
-0.160911314464765
1.25137377047831
0.877512934522300
0.704964974244587
-0.527782804285730
-0.135270155728799
-1.11796219605530
-0.212748590150090
-0.168035685931565
-0.456384455448844
-3.838647831854686E-002
0.263671230593884
0.817634253412123
0.655199104154402
-0.228008245698941
0.116903400911090
-4.607417657625379E-002
0.619834901748665
-0.212041631328776
-0.886174635870530
0.564111203423972
-1.38448615918177
0.265361696627451
-0.291428668261968
-0.229888929803007
-0.454119024180576
-0.142253455309171
0.717556592119851
7.931136119962883E-004
0.409994487607008
1.39523652237713
3.165407109708267E-002
0.709281134745332
-2.942425800847771E-002
-1.34515345600014
1.563710489263219E-002
-0.252658006325015
0.306427812887733
-0.276935371655948
-0.188845880880904
0.138099484296691
1.264039415869145E-002
0.326733173662132
0.168135524269439
-0.620655749846884
0.333331650777728
-0.502764969952223
0.900175286610794
-0.218252446443270
1.82559290480574
-0.120670537133954
0.273951580191171
-0.393388667994774
0.166736864265506
-0.367580428762259
0.344319325261514
0.629671854906975
-0.633146565849036
7.618531890392589E-002
-1.05020957265206
0.383257764117488
0.863787387781585
0.375265928919378
-0.487644417192300
-0.351344237878252
0.526010387887837
0.704197011564620
-1.11172342523859
-0.133615312421306
-0.628332017299341
-0.602901089442728
1.19790570878057
0.825114696777312
0.681952022528513
0.612597848777430
0.293429329702001
0.583109348826147
-0.149341657508746
-0.638759141894735
-0.179266922910342
0.877048719857810
-0.489701997879399
-0.459819780059661
-0.558748886885642
1.39580519031719
0.412701036488239
-0.444446368815798
-0.744689794072553
0.188613564285755
0.527473516445058
0.790188859820734
-0.539523676815357
0.583208074723738
8.376767943709290E-002
-0.640047620304471
0.332350376525492
0.197155415901502
-0.328023752268012
0.868189105045637
-0.946153239026748
0.991468770266081
0.508928211653116
0.335482619389229
-1.03867596895644
-0.201214382548872
0.865468531201992
0.609194354333871
0.836731452099491
-6.304753412070917E-002
-0.224338030797684
-0.889113043404758
-1.04543699053363
-0.339021353573156
1.12316576019064
-1.04228777591887
0.261408124011783
-1.54541931216386
0.627478574941677
0.481178114297634
0.811490781509914
0.667044523227247
1.25432941331282
-0.251943663408530
0.113191016256226
-0.309136635529735
-1.47127900304117
0.279636049377428
0.427273161832349
-0.266211306224276
-0.560984329691596
-6.114554633889594E-002
-0.118562983736659
-0.880777825587572
-0.813680501544495
-0.493642708167472
-6.686694083692202E-002
1.18085853811724
1.26571148388051
0.745684682422771
0.647102344687797
0.442717360322175
-0.768881832858594
0.250595107805666
0.599254550096459
-0.460444209206576
0.200159864996609
9.826296514174533E-002
-0.380782217240393
-0.104734797790859
-0.308462675417842
0.652265935734970
0.871138525788993
-0.798331585830667
0.449151303189870
0.198271490002489
-0.904576904877148
0.277528823197478
-0.119740143367663
0.139035069439827
-0.259211259889203
0.206203663263095
-1.651813046929353E-002
-0.994971636850596
-0.302208779261089
-0.267735309197453
6.120524983081934E-002
-8.566167096238569E-002
-1.13822639014234
-1.14033137581930
0.438226846468964
0.537157123911102
-0.148647717874476
0.286006308751699
0.317613675480931
-0.528487272295551
-0.542745555353971
-0.497968448734927
0.370802201252038
-0.270461336952037
-0.161390929160079
-8.890802090761987E-002
0.312364855028467
2.596544503560998E-002
0.342252934935888
7.084805793100925E-002
1.02232458077246
-0.460683054063583
-0.221729480039476
0.972334992474269
-0.439326638425445
0.151018225977848
0.462895227988609
5.354716529665748E-002
5.426476526767426E-002
0.339013664913225
0.821117528611796
0.260090304775431
0.208474575710510
-0.322867831594142
4.527392392769328E-002
0.483437467853742
0.301532394025104
-0.399513564329045
-0.339421390715165
-0.575054805289153
-0.579068166105927
0.415665454372190
-1.07043751668301
0.389341142141190
0.527832595608289
0.281962903230604
0.630192397933715
-8.911837865689833E-002
-0.165308018416510
-0.740153346595746
-0.460945803293162
-0.528747673367110
-1.42742490470571
0.565563665464465
0.421771076893969
-1.17221491789546
-7.349734945222684E-002
0.357299014174805
-6.859487786480066E-002
-0.245902169469363
-0.420808755863202
-1.06257787918635
0.743880289160403
-0.933110541290981
0.594088331352601
-0.570926543326312
-0.853450123168536
-4.133352008758710E-002
0.232694794926616
-0.230386302832956
0.565545862946229
-4.368182873210835E-002
0.548472058075340
-0.108981813073599
1.434261294934281E-002
0.772336753895883
-7.089916065540124E-002
0.205555450503823
0.348463643980333
1.21545801921396
0.628716225181897
1.18528731459215
-0.276164607489276
0.475777503568530
-0.125946299102400
0.643912644664810
-0.455354895218654
-0.371053707567187
0.298120175027473
0.584722800311150
-1.57776072946737
0.129003092132266
-9.387591585627721E-002
0.972212933686306
-1.30182259338345
-0.560721107762948
0.431152325457939
8.825843137759008E-002
-1.28913510781991
6.014004344324146E-002
-1.33632546839320
3.958966703149688E-002
-0.113413630197606
0.506455293999146
-0.234782017715465
0.882463374013980
0.150837647935093
-0.224149498367477
-0.270533916873301
-0.356360290199254
0.999018236968221
1.38142424407549
0.481328605089825
-1.24097405736848
-0.795560621671387
-0.586315329122079
1.16760570613742
-0.896839041923785
0.384330690395475
-0.103417641268927
-0.441378932995838
-1.22848583499219
-0.308546061118134
0.457563272659283
0.350522042471225
0.390512323539424
0.308260354736835
-2.282278883982309E-002
-0.144532762285409
-8.696162715279109E-002
-4.623216261094315E-002
-0.455657139278245
-1.31997863848205
-0.623483409759977
0.306480663394181
0.217049119847423
-0.824955705487483
-9.640842886336372E-002
0.374438758274062
-0.188993747087828
-1.03467796316796
0.923544802864996
-9.263476496251177E-002
0.199519942330341
-8.327683793673042E-002
0.729871774210068
0.721487062988583
-0.280330903738015
1.14722280918404
-0.753137739391257
-0.518777964761666
0.431551212598101
-0.390483934225902
0.418027164643874
-8.974529020799614E-002
0.341177317165333
-0.507580150285180
0.555430762494843
-1.21833570102158
0.621971976882841
0.284548950613255
0.747906226374696
4.095690189527099E-002
-0.879958275988466
-0.181567254910791
-0.664943611933751
8.937490092222511E-002
4.745170767220600E-002
1.50525353891692
-0.451873885471054
-1.90921063649570
0.292067782397145
-0.193214459203124
-0.512472139310693
0.194481937950656
-0.443641830045242
-0.651426988617911
1.42582908597251
0.279891664512486
0.164952515624722
-0.301005934552241
-0.146675925329966
-0.344755870149371
0.553747966052418
0.415546645985432
0.960610780663281
-0.511198051019185
-0.357262705940251
0.291684512161758
0.920865335364144
-0.312762483231404
-0.415006366055142
0.397141510015770
-1.10373851265915
0.766262368291737
0.552775609590150
0.192702528525235
0.979371554312985
-0.291279476564946
-1.795334811507270E-002
1.28158806725355
-0.956303924737642
-0.218247867144703
-0.827707768493235
0.474465042880111
-0.717055726227531
-0.788648886588216
0.512978476693817
-0.398323979540113
-0.904169534208331
-0.510350235682524
-0.398917762076880
0.444084616965118
-0.972468190350994
0.857330327174317
-0.664070647116966
-0.933617198426877
0.744225665045395
-0.866336208697491
-0.145938428723148
0.991870387492396
-0.775680853124182
-0.985048271709476
0.797476424306978
1.09276513758613
0.209425220772166
-0.928028179757700
0.660741866106205
0.172228906275337
-0.723107506748734
0.520641219272870
0.490793023024802
0.442025143166922
0.784982975680704
-0.206828445021735
0.212013295823777
0.356004146852124
-0.772606615312819
0.740001133430790
-0.221735119020784
0.832021495375765
0.601499140092878
8.030389710133751E-002
0.191189339494700
0.211665515728831
-0.130624441749849
0.254686206638483
-0.222113106966165
-5.971179984209595E-002
0.374842811981121
-0.743189321803355
0.289797580128414
-0.757758866321198
0.320493437666266
5.516717528890092E-002
-0.785797806107037
-0.239887675179431
0.493489910710856
1.04391010649624
0.340802718940607
-0.545201561975776
0.638021423749084
-0.132372553549065
2.393985980020664E-002
