0.14940062497938575
0.18736299199599116
0.91568872793015144
-6.62831555890032037E-002
-0.31845252565745541
-0.48939848183081958
-0.88439849147177296
0.67177752803030366
0.33141574786168088
1.0194267441683307
1.3413992162749437
0.54804734170856118
0.74071488752922310
-0.77893028981052159
0.73949353652648853
-0.42565076554298931
-0.30870941161922716
-0.21996709460713387
0.41627921048904487
-0.93583543705319128
3.32644020086787229E-002
-0.62422707461496663
-0.39668732449725869
0.45135515247934493
0.52463441305883007
0.25901044783179444
-1.2304674137015204
0.39628152053099291
0.33343372517882741
0.18724148629646423
0.29792802086276182
1.7055136915798936
0.23169571693258628
0.76322908782360321
-0.63985809726685461
1.1525459405314642
-0.46691953478949222
-0.18748588832994606
-9.86314485997348209E-003
1.1203312726395938
-7.12185234355612040E-002
-0.21846897982041777
0.11956657868269240
-0.72190605678152220
0.85703797479538213
0.16722447094855269
-0.60805006131071193
0.48908186725335862
1.0846887389443309
-0.29503748160665244
8.11126279542296463E-002
4.71331032344196113E-002
0.24184885741090426
-3.97844186296146402E-002
-0.14717317183552567
0.57810227373050915
-0.82121637984494089
-1.0095763813582801
0.42112594647702351
1.3684726902898210
0.49048300509580794
0.68074468026349189
1.5530472390983590
-4.89975219940720838E-002
-1.4346752018676381
0.70574877641446643
0.27899111181267883
0.63510566719417016
-0.43121845680847032
-0.68195003399370291
0.13283650963655566
0.57089192763685237
-0.53394794174132132
-0.12215371417939835
0.34628960408060844
3.03190279962024453E-003
-0.17622514851364643
-0.40363675599486254
-0.51246665068550901
-0.46275890251503676
-0.40665491985370200
0.47828883172028547
0.27138558051114087
-0.13344936789461703
1.67411308777015468E-002
-0.49479552949565769
0.53205316740943287
0.61511926391277971
-0.42643354326217170
-0.66845247620993475
-0.50751982746580582
-1.3897872941573104
0.49940440661932178
-1.0934517650607496
-0.42747149189641187
0.12307598082353617
0.26655732551619388
-0.38609763212543680
0.18642694471934146
7.36153064525837931E-004
-7.10798526717209694E-002
-0.22044340896402140
1.5637865745740567
0.56470527265109038
0.73010911492671371
0.22815102451529493
0.32151418751954303
-0.30367823261331822
-0.12733209963058337
-0.23477608396470970
-0.21601800678673938
0.65187910308065955
-0.36890932656983105
-0.79878353243117250
-0.23069272586889086
-0.60128956684557777
-0.12637641310396208
-0.85059468612251887
0.62670053751288235
-0.13291051059860423
-0.88687272312013854
0.10297571718533226
-0.59761334588591553
0.67837533830377816
0.64548450834279814
0.12308840298523031
1.0084074654166308
0.90507491110674199
-0.29019785608874810
0.16263780997038016
-1.0409454032203769
-0.20264736243808837
-0.51696992751414295
0.64917440187013820
0.11399735266688306
0.46984875724198294
-0.69106392017538709
-3.14640626811681715E-002
6.93600209200893186E-002
1.84045603206828591E-002
0.78573136040559599
-0.94296223760772635
0.25495007687724303
0.25757282472670029
-0.65922402682721015
5.72884314567892322E-002
2.08130823837098487E-002
-0.93121860336748796
0.80442104402435022
-1.79659199614589440E-002
0.63070137319273922
-0.30811164943268649
6.36632009071246424E-002
0.51988887124032812
0.82876760823098738
5.30607699273129493E-002
0.83977163565494317
-1.0456920724527157
-3.03447254420056677E-002
-7.00757035766339203E-004
0.49094912973874261
0.78781699597207244
-1.7915131889518754
-0.20273259428847251
0.60207083181276089
-0.74163737714555111
-3.36755078640616420E-002
-2.72699077449733845E-002
0.95532249618682752
0.63380971773866079
0.88242885371482860
-0.33913911278229841
-0.25339170770558950
-0.37147323846233044
-0.90247175886143949
0.13776407456564368
-0.45262233836391136
0.59337609833033556
0.97988733990194055
0.13262686162153867
0.54398524942929383
0.68831586052419613
-0.78523740055355828
-0.39547617010737379
-0.69482628825324200
-1.0799513654859150
0.72248274406130952
0.31440656966057023
-0.12766776309449795
0.86956610789567124
-0.61587141195574724
1.38867371692891935E-002
-0.35369075522318622
0.77383013381015020
0.45390463995295621
-0.65550441433592521
0.19667413219522939
0.98769447889055373
-2.32600059770899162E-002
-1.4045538794209507
0.77146910833137783
-0.35511353905907850
0.58052342814925573
-6.92069831330530405E-002
1.4261067311839768
6.86984603485069900E-002
-0.57882566178276684
-0.77822813129146173
0.79759015087718432
0.50304518059675274
-1.9563732984622102
0.29752741323361598
0.55615579499329604
0.45201953412233858
-0.54459279579150699
-0.14719885277839853
0.69727242879473339
0.34260444248186361
-0.86043238728445182
-7.57713439536830818E-002
0.10286660836523673
-0.59630795034536066
-0.51207795668228784
-1.6710350561517562
-0.45080110263337375
0.54283284746072802
-0.52130751396051511
-5.47390882130669235E-002
-0.83048725525623424
-5.39649874415100428E-002
-1.1760059835978249
-1.1391068204715673
0.11660806081693641
-1.2269069753975026
0.16631429452414181
0.85857363593963199
-0.25004534169903986
-0.14166612008899099
0.15107028858353375
-0.47314386556818949
-0.39492070284032071
0.33586262806493661
-0.82083507309929848
0.26690942826988467
-0.62282694876210953
-1.5679400788582343
0.45196499520369393
0.33391009866942872
-8.43762955806449111E-002
0.15443467146094411
0.61578468947464293
0.67350920929673141
-0.15894470456061419
-0.21771703731300299
-1.0863827107636754
-7.20948048896676991E-002
0.30567333700339999
-1.2848044150356586
8.42216333893632957E-002
0.48424207542484277
-0.37376060935212507
-1.1327691036502971
-0.72354262127621360
-0.39240769234161654
-0.75878223338420825
0.77317587605358995
-0.23941367576589706
1.3778621199706782
0.60837573869745554
0.65127676748758601
-0.43249954476470748
-1.2814308432155599
-0.61644605905254812
6.15165013576859585E-002
-0.42553606652587228
-0.14462695780536383
0.59745527324375769
-0.68663045742232920
1.6135750662014001
0.20581107829638964
-0.28769668014785055
-0.53642718154425983
0.86359481750216616
-1.2126629833649130
-0.18551541714341768
0.58009703074304797
5.10741691980538259E-002
0.48490242684018264
0.71898694100788463
1.4494318850193215
0.51076584443322204
-0.12176677292358914
-1.7769581025354191
1.5210233233731534
-1.0319470625346330
-1.85444502937324833E-002
-0.31926574881247627
1.7889853253972388
0.64492774699802236
-1.1480589004338480
8.26308039759276747E-002
1.29787974191035993E-002
0.68143528592594593
0.97713238557324200
-1.4624613048080133
0.69041635247186017
1.0771403241861599
-0.50040280995504527
-2.08114316534202294E-002
0.15364321368140177
-1.2648777747136635
1.36653270928410210E-003
-4.25565114999580107E-002
0.93537247112503630
0.38653818307192278
0.38824403125343987
0.43222526007999607
-2.00058218076112487E-002
-0.90630496365760793
0.64721448329835851
-0.25783323075794073
1.0848936585656024
0.43565830154842716
0.90584602694522720
0.57524045861565387
-0.37028345788870010
-0.53037820560870808
-0.57562044777316446
7.77898494923616457E-002
9.59493978817152621E-002
-1.2773347771336079
-6.83998481716937834E-002
-0.45400684404943614
-0.11228948844638530
0.18802179474085387
-0.61358928907287136
-0.43759397871855721
-6.73655955178934784E-002
0.32449447312433710
0.92971648334181267
-0.16681981684672900
-1.6224899910266757
-0.26693484984983207
0.94749390755442253
1.7021405429640024
-0.46433673156571947
-0.48509395474220418
0.57585227609944556
0.52710868030581914
0.95688099661851944
-0.62189731505882173
-0.11731304195604635
-0.26036824852487750
-0.29286117428158204
1.0114431011141671
-0.85465352148885088
-1.5743561239423873
0.26259644382946207
-0.30634331009906524
-1.2881391198605285
-0.44711974674698995
-0.15370505498129813
0.50161741031244245
0.95358530450306611
-0.14822515413163892
-1.0682267533985643
-1.86912729300461773E-002
-0.40813489776547485
1.0696965288106686
0.97339710274696400
-0.45777250810727632
0.76502335047052006
-1.1058010193432384
0.64925555906532251
0.60498998168136031
0.18362824983173531
0.57298380336449994
-0.61314978951581633
-0.95981900766315298
0.28051061961317730
0.21098822640181483
0.74359949830098293
-7.03515504832544301E-004
-0.14417521554555579
0.44529209239302198
-8.92077297671806935E-002
-0.73931554083639783
0.19410313270755430
-0.45274030501672763
7.95534224030672726E-002
0.64522031764797005
1.6447068576017680
-7.34772993281640058E-002
-0.17322954993470815
-4.10615896099047265E-002
-0.20367977760586436
-0.30849180395787418
0.48661678794016378
1.64140281040186728E-002
-0.69785370770585187
1.2185992422823322
6.03402123009940811E-002
1.1354342408649167
0.93624174267023219
-0.70751538309034734
0.42143276442032834
-0.34955238154723367
-7.70023946240646767E-002
-0.26868225854343719
-0.54686405586630549
0.10897555307172119
0.88582404534738801
0.88337520649612788
-0.23660577845848521
2.20103827762459063E-002
-0.81166172505809187
-1.2301220733512042
1.2249913612581698
0.81256998739205033
0.48217001724023489
-0.13778141739999544
-0.43743994708728717
-1.4231919997711058
-0.85673768855920829
0.31496194125434057
-0.73827214579409572
0.33250913536708793
-0.71786131308185075
1.0106748514970039
0.73187900080488200
-0.22249208203257498
-5.82257016337072511E-002
0.61277839334616013
-7.39887366363718019E-002
-0.57028429991100704
0.37561551943795751
0.25634052014641984
-0.89017797431781431
0.17945665448157599
-0.44683290333910630
-0.20551080846109890
6.59830246306523233E-002
-0.22480483279734081
-0.19047874335698231
0.58447315037152325
9.64178185043590985E-002
-0.36388554459673483
-0.46442506930026872
-0.73037721652552390
-0.53311223137113473
-0.56485822973835587
-0.62520593289709070
-0.60554448267146921
0.24863548670078642
0.98997029418849392
-0.68311847086888555
-0.26594581462203848
5.79254381369151555E-002
-0.20198212709608307
0.23747628690819300
-0.12758446314406277
0.43695069434043549
0.18459874152366476
0.38434489182685844
-0.49918683469990849
-0.50201106121977179
3.04086885094114814E-002
1.3679798510128069
0.53098120720242359
1.2283174453893713
-8.76507905505083396E-002
-0.80412109779946916
1.0908339520105381
-0.74413786982301333
-0.60324978762864867
0.12358879757864047
-0.30482135215022205
-0.42464008360102129
0.17909055606223390
0.31351919593902888
-0.67336403071190387
0.72023298231495203
-0.33488547572547439
-0.79062022934612131
-9.98815255245457390E-002
-0.33783003255478300
-2.2735454667515511
0.69218467131668693
-0.39503616991251200
0.33594998080938165
0.18206042283270188
0.98270190629529941
-0.22572544839670508
-0.20755951837863307
0.79295637705228894
-0.82845194298207436
-0.44894909760415386
-4.30989492931424939E-002
0.24665505307734092
0.12199939391455344
