      1     0.000000    0.335203    0.335203    0.167602
      2     0.000000    2.000000    2.000000    1.000000
      3     0.000000    2.000000    2.000000    1.000000
      4     0.000000    2.000000    2.000000    1.000000
      5     0.000000    2.000000    2.000000    1.000000
      6     0.000000    2.000000    2.000000    1.000000
      7     0.000000    2.000000    2.000000    1.000000
      8     0.000000    2.000000    2.000000    1.000000
      9     0.000000    2.000000    2.000000    1.000000
     10     0.000000    2.000000    2.000000    1.000000
     11     0.000000    2.000000    2.000000    1.000000
     12     0.000000    2.000000    2.000000    1.000000
     13     0.000000    2.000000    2.000000    1.000000
     14     0.000000    2.000000    2.000000    1.000000
     15     0.000000    2.000000    2.000000    1.000000
     16     0.000000    2.000000    2.000000    1.000000
     17     0.000000    2.000000    2.000000    1.000000
     18     0.000000    2.000000    2.000000    1.000000
     19     0.000000    2.000000    2.000000    1.000000
     20     0.000000    2.000000    2.000000    1.000000
     21     0.000000    2.000000    2.000000    1.000000
     22     0.000000    2.000000    2.000000    1.000000
     23     0.000000    2.000000    2.000000    1.000000
     24     0.000000    2.000000    2.000000    1.000000
     25     0.000000    2.000000    2.000000    1.000000
     26     0.000000    2.000000    2.000000    1.000000
     27     0.000000    2.000000    2.000000    1.000000
     28     0.000000    2.000000    2.000000    1.000000
     29     0.000000    2.000000    2.000000    1.000000
     30     0.000000    2.000000    2.000000    1.000000
     31     0.000000    2.000000    2.000000    1.000000
     32    -0.000000    2.000000    2.000000    1.000000
     33    -0.000001    2.000001    2.000000    1.000001
     34    -0.000003    2.000001    1.999999    1.000001
     35    -0.000005    2.000002    1.999997    1.000001
     36    -0.000007    2.000003    1.999995    1.000001
     37    -0.000010    2.000003    1.999993    1.000002
     38    -0.000014    2.000003    1.999990    1.000002
     39    -0.000017    2.000003    1.999986    1.000002
     40    -0.000021    2.000004    1.999983    1.000002
     41    -0.000025    2.000004    1.999979    1.000002
     42    -0.000028    2.000004    1.999975    1.000002
     43    -0.000033    2.000004    1.999972    1.000002
     44    -0.000037    2.000004    1.999967    1.000002
     45    -0.000042    2.000005    1.999963    1.000002
     46    -0.000047    2.000005    1.999958    1.000003
     47    -0.000052    2.000005    1.999953    1.000003
     48    -0.000058    2.000006    1.999948    1.000003
     49    -0.000064    2.000006    1.999942    1.000003
     50    -0.000070    2.000006    1.999936    1.000003
     51    -0.000077    2.000006    1.999930    1.000003
     52    -0.000083    2.000007    1.999923    1.000003
     53    -0.000091    2.000007    1.999917    1.000004
     54    -0.000098    2.000008    1.999909    1.000004
     55    -0.000106    2.000008    1.999902    1.000004
     56    -0.000115    2.000008    1.999894    1.000004
     57    -0.000123    2.000009    1.999885    1.000004
     58    -0.000133    2.000010    1.999877    1.000005
     59    -0.000143    2.000010    1.999867    1.000005
     60    -0.000154    2.000011    1.999857    1.000005
     61    -0.000165    2.000011    1.999846    1.000006
     62    -0.000177    2.000012    1.999835    1.000006
     63    -0.000189    2.000012    1.999823    1.000006
     64    -0.000202    2.000013    1.999811    1.000006
     65    -0.000215    2.000013    1.999798    1.000007
     66    -0.000229    2.000014    1.999785    1.000007
     67    -0.000243    2.000014    1.999771    1.000007
     68    -0.000258    2.000015    1.999757    1.000007
     69    -0.000274    2.000016    1.999742    1.000008
     70    -0.000290    2.000016    1.999726    1.000008
     71    -0.000307    2.000017    1.999710    1.000008
     72    -0.000325    2.000018    1.999693    1.000009
     73    -0.000343    2.000018    1.999675    1.000009
     74    -0.000362    2.000019    1.999657    1.000010
     75    -0.000382    2.000020    1.999638    1.000010
     76    -0.000403    2.000021    1.999618    1.000011
     77    -0.000426    2.000022    1.999597    1.000011
     78    -0.000449    2.000023    1.999574    1.000012
     79    -0.000473    2.000024    1.999551    1.000012
     80    -0.000499    2.000026    1.999527    1.000013
     81    -0.000526    2.000027    1.999501    1.000013
     82    -0.000554    2.000028    1.999474    1.000014
     83    -0.000584    2.000030    1.999446    1.000015
     84    -0.000615    2.000031    1.999416    1.000016
     85    -0.000647    2.000033    1.999385    1.000016
     86    -0.000682    2.000035    1.999353    1.000017
     87    -0.000719    2.000037    1.999318    1.000019
     88    -0.000759    2.000039    1.999281    1.000020
     89    -0.000800    2.000041    1.999241    1.000021
     90    -0.000844    2.000044    1.999200    1.000022
     91    -0.000891    2.000047    1.999156    1.000024
     92    -0.000941    2.000050    1.999109    1.000025
     93    -0.000995    2.000054    1.999059    1.000027
     94    -0.001052    2.000057    1.999005    1.000029
     95    -0.001113    2.000060    1.998948    1.000030
     96    -0.001176    2.000064    1.998887    1.000032
     97    -0.001244    2.000068    1.998823    1.000034
     98    -0.001316    2.000072    1.998756    1.000036
     99    -0.001392    2.000076    1.998684    1.000038
    100    -0.001472    2.000080    1.998608    1.000040
    101    -0.001555    2.000084    1.998528    1.000042
    102    -0.001643    2.000088    1.998445    1.000044
    103    -0.001734    2.000091    1.998357    1.000046
    104    -0.001829    2.000095    1.998266    1.000047
    105    -0.001927    2.000098    1.998171    1.000049
    106    -0.002027    2.000100    1.998073    1.000050
    107    -0.002127    2.000100    1.997973    1.000050
    108    -0.002225    2.000098    1.997873    1.000049
    109    -0.002319    2.000093    1.997774    1.000047
    110    -0.002404    2.000084    1.997680    1.000042
    111    -0.002474    2.000069    1.997595    1.000035
    112    -0.002521    2.000046    1.997525    1.000023
    113    -0.002533    2.000012    1.997478    1.000006
    114    -0.002498    1.999963    1.997465    0.999982
    115    -0.002398    1.999898    1.997500    0.999949
    116    -0.002215    1.999815    1.997600    0.999907
    117    -0.001930    1.999714    1.997784    0.999857
    118    -0.001533    1.999603    1.998070    0.999801
    119    -0.001030    1.999499    1.998469    0.999750
    120    -0.000459    1.999432    1.998973    0.999716
    121     0.000108    1.999440    1.999547    0.999720
    122     0.000563    1.999552    2.000115    0.999776
    123     0.000793    1.999774    2.000568    0.999887
    124     0.000725    2.000068    2.000793    1.000034
    125     0.000359    2.000362    2.000720    1.000181
    126    -0.000232    2.000584    2.000352    1.000292
    127    -0.000936    2.000697    1.999761    1.000348
    128    -0.001644    2.000705    1.999060    1.000352
    129    -0.002285    2.000639    1.998354    1.000320
    130    -0.002823    2.000538    1.997716    1.000269
    131    -0.003252    2.000431    1.997179    1.000215
    132    -0.003584    2.000335    1.996750    1.000167
    133    -0.003841    2.000258    1.996418    1.000129
    134    -0.004042    2.000203    1.996161    1.000101
    135    -0.004206    2.000166    1.995959    1.000083
    136    -0.004350    2.000144    1.995795    1.000072
    137    -0.004483    2.000134    1.995651    1.000067
    138    -0.004616    2.000133    1.995517    1.000066
    139    -0.004752    2.000136    1.995384    1.000068
    140    -0.004893    2.000141    1.995248    1.000070
    141    -0.005038    2.000145    1.995107    1.000072
    142    -0.005184    2.000146    1.994962    1.000073
    143    -0.005327    2.000142    1.994816    1.000071
    144    -0.005460    2.000132    1.994673    1.000066
    145    -0.005576    2.000115    1.994540    1.000058
    146    -0.005666    2.000090    1.994424    1.000045
    147    -0.005723    2.000056    1.994333    1.000028
    148    -0.005740    2.000016    1.994276    1.000008
    149    -0.005711    1.999970    1.994260    0.999985
    150    -0.005634    1.999924    1.994289    0.999962
    151    -0.005515    1.999881    1.994366    0.999940
    152    -0.005361    1.999846    1.994485    0.999923
    153    -0.005184    1.999822    1.994639    0.999911
    154    -0.004988    1.999803    1.994815    0.999902
    155    -0.004768    1.999777    1.995009    0.999889
    156    -0.004495    1.999723    1.995228    0.999861
    157    -0.004119    1.999618    1.995499    0.999809
    158    -0.003572    1.999447    1.995875    0.999724
    159    -0.002793    1.999217    1.996424    0.999609
    160    -0.001761    1.998969    1.997208    0.999485
    161    -0.000536    1.998783    1.998247    0.999391
    162     0.000723    1.998755    1.999478    0.999378
    163     0.001783    1.998953    2.000736    0.999476
    164     0.002435    1.999352    2.001787    0.999676
    165     0.002597    1.999832    2.002429    0.999916
    166     0.002340    2.000246    2.002586    1.000123
    167     0.001823    2.000507    2.002330    1.000254
    168     0.001203    2.000613    2.001815    1.000306
    169     0.000607    2.000589    2.001197    1.000295
    170     0.000143    2.000459    2.000602    1.000229
    171    -0.000103    2.000244    2.000141    1.000122
    172    -0.000100    2.000002    1.999902    1.000001
    173     0.000083    1.999828    1.999911    0.999914
    174     0.000280    1.999819    2.000098    0.999909
    175     0.000277    2.000014    2.000291    1.000007
    176    -0.000077    2.000357    2.000279    1.000178
    177    -0.000802    2.000719    1.999917    1.000359
    178    -0.001788    2.000976    1.999188    1.000488
    179    -0.002866    2.001069    1.998203    1.000535
    180    -0.003881    2.001010    1.997129    1.000505
    181    -0.004730    2.000848    1.996118    1.000424
    182    -0.005367    2.000638    1.995271    1.000319
    183    -0.005787    2.000422    1.994635    1.000211
    184    -0.006006    2.000222    1.994216    1.000111
    185    -0.006053    2.000050    1.993997    1.000025
    186    -0.005959    1.999908    1.993949    0.999954
    187    -0.005753    1.999796    1.994043    0.999898
    188    -0.005463    1.999712    1.994249    0.999856
    189    -0.005118    1.999657    1.994539    0.999828
    190    -0.004746    1.999630    1.994884    0.999815
    191    -0.004375    1.999631    1.995256    0.999816
    192    -0.004034    1.999660    1.995627    0.999830
    193    -0.003747    1.999714    1.995967    0.999857
    194    -0.003531    1.999785    1.996254    0.999893
    195    -0.003397    1.999865    1.996468    0.999932
    196    -0.003339    1.999942    1.996603    0.999971
    197    -0.003348    2.000008    1.996659    1.000004
    198    -0.003405    2.000056    1.996651    1.000028
    199    -0.003491    2.000084    1.996594    1.000042
    200    -0.003587    2.000096    1.996509    1.000048
    201    -0.003680    2.000093    1.996413    1.000046
    202    -0.003761    2.000081    1.996320    1.000040
    203    -0.003825    2.000064    1.996239    1.000032
    204    -0.003870    2.000046    1.996175    1.000023
    205    -0.003898    2.000028    1.996130    1.000014
    206    -0.003911    2.000013    1.996102    1.000007
    207    -0.003912    2.000001    1.996089    1.000000
    208    -0.003903    1.999992    1.996088    0.999996
    209    -0.003889    1.999986    1.996097    0.999993
    210    -0.003871    1.999983    1.996112    0.999991
    211    -0.003852    1.999982    1.996129    0.999991
    212    -0.003835    1.999982    1.996147    0.999991
    213    -0.003819    1.999985    1.996165    0.999992
    214    -0.003807    1.999988    1.996181    0.999994
    215    -0.003799    1.999992    1.996193    0.999996
    216    -0.003795    1.999997    1.996202    0.999998
    217    -0.003798    2.000003    1.996205    1.000001
    218    -0.003807    2.000008    1.996202    1.000004
    219    -0.003821    2.000015    1.996193    1.000007
    220    -0.003842    2.000021    1.996179    1.000010
    221    -0.003870    2.000028    1.996158    1.000014
    222    -0.003905    2.000035    1.996130    1.000017
    223    -0.003946    2.000042    1.996095    1.000021
    224    -0.003995    2.000048    1.996054    1.000024
    225    -0.004050    2.000055    1.996005    1.000027
    226    -0.004111    2.000061    1.995950    1.000031
    227    -0.004178    2.000067    1.995889    1.000034
    228    -0.004252    2.000074    1.995821    1.000037
    229    -0.004331    2.000079    1.995748    1.000040
    230    -0.004416    2.000084    1.995668    1.000042
    231    -0.004504    2.000088    1.995584    1.000044
    232    -0.004595    2.000091    1.995496    1.000046
    233    -0.004688    2.000093    1.995405    1.000047
    234    -0.004782    2.000094    1.995311    1.000047
    235    -0.004875    2.000092    1.995217    1.000046
    236    -0.004963    2.000088    1.995125    1.000044
    237    -0.005044    2.000080    1.995036    1.000040
    238    -0.005113    2.000069    1.994956    1.000034
    239    -0.005167    2.000053    1.994886    1.000026
    240    -0.005198    2.000030    1.994833    1.000015
    241    -0.005200    2.000002    1.994801    1.000001
    242    -0.005167    1.999966    1.994799    0.999983
    243    -0.005089    1.999922    1.994833    0.999961
    244    -0.004963    1.999873    1.994910    0.999937
    245    -0.004785    1.999822    1.995037    0.999911
    246    -0.004558    1.999774    1.995215    0.999887
    247    -0.004294    1.999736    1.995443    0.999868
    248    -0.004012    1.999720    1.995708    0.999860
    249    -0.003745    1.999736    1.995991    0.999868
    250    -0.003533    1.999791    1.996257    0.999895
    251    -0.003414    1.999883    1.996468    0.999941
    252    -0.003415    2.000001    1.996586    1.000001
    253    -0.003545    2.000129    1.996584    1.000064
    254    -0.003790    2.000244    1.996454    1.000122
    255    -0.004123    2.000331    1.996207    1.000165
    256    -0.004507    2.000382    1.995875    1.000191
    257    -0.004908    2.000399    1.995491    1.000200
    258    -0.005298    2.000390    1.995091    1.000195
    259    -0.005661    2.000362    1.994701    1.000181
    260    -0.005987    2.000327    1.994339    1.000163
    261    -0.006275    2.000288    1.994013    1.000144
    262    -0.006526    2.000251    1.993725    1.000126
    263    -0.006743    2.000217    1.993474    1.000109
    264    -0.006931    2.000188    1.993257    1.000094
    265    -0.007093    2.000163    1.993070    1.000081
    266    -0.007234    2.000142    1.992907    1.000071
    267    -0.007358    2.000124    1.992766    1.000062
    268    -0.007467    2.000110    1.992642    1.000055
    269    -0.007565    2.000098    1.992533    1.000049
    270    -0.007653    2.000088    1.992435    1.000044
    271    -0.007732    2.000079    1.992347    1.000040
    272    -0.007804    2.000072    1.992268    1.000036
    273    -0.007868    2.000064    1.992196    1.000032
    274    -0.007925    2.000057    1.992132    1.000028
    275    -0.007973    2.000048    1.992075    1.000024
    276    -0.008011    2.000038    1.992026    1.000019
    277    -0.008035    2.000024    1.991989    1.000012
    278    -0.008043    2.000007    1.991964    1.000004
    279    -0.008029    1.999986    1.991957    0.999993
    280    -0.007989    1.999959    1.991970    0.999980
    281    -0.007917    1.999927    1.992010    0.999964
    282    -0.007808    1.999890    1.992082    0.999945
    283    -0.007656    1.999848    1.992192    0.999924
    284    -0.007461    1.999805    1.992344    0.999902
    285    -0.007227    1.999766    1.992539    0.999883
    286    -0.006965    1.999739    1.992775    0.999870
    287    -0.006698    1.999735    1.993037    0.999867
    288    -0.006458    1.999763    1.993305    0.999882
    289    -0.006288    1.999833    1.993544    0.999916
    290    -0.006229    1.999942    1.993714    0.999971
    291    -0.006308    2.000080    1.993772    1.000040
    292    -0.006534    2.000224    1.993690    1.000112
    293    -0.006884    2.000347    1.993463    1.000174
    294    -0.007315    2.000428    1.993112    1.000214
    295    -0.007772    2.000453    1.992681    1.000226
    296    -0.008197    2.000421    1.992225    1.000211
    297    -0.008539    2.000339    1.991801    1.000170
    298    -0.008756    2.000215    1.991459    1.000108
    299    -0.008816    2.000058    1.991242    1.000029
    300    -0.008693    1.999875    1.991183    0.999938
    301    -0.008369    1.999676    1.991307    0.999838
    302    -0.007843    1.999474    1.991631    0.999737
    303    -0.007132    1.999291    1.992159    0.999645
    304    -0.006286    1.999160    1.992874    0.999580
    305    -0.005398    1.999119    1.993721    0.999560
    306    -0.004588    1.999198    1.994610    0.999599
    307    -0.003981    1.999399    1.995418    0.999700
    308    -0.003668    1.999688    1.996020    0.999844
    309    -0.003673    2.000003    1.996329    1.000001
    310    -0.003957    2.000278    1.996322    1.000139
    311    -0.004437    2.000475    1.996038    1.000237
    312    -0.005023    2.000582    1.995559    1.000291
    313    -0.005638    2.000613    1.994974    1.000306
    314    -0.006228    2.000588    1.994360    1.000294
    315    -0.006759    2.000530    1.993772    1.000265
    316    -0.007212    2.000453    1.993242    1.000227
    317    -0.007581    2.000369    1.992789    1.000185
    318    -0.007865    2.000285    1.992420    1.000142
    319    -0.008067    2.000203    1.992136    1.000102
    320    -0.008193    2.000127    1.991934    1.000063
    321    -0.008251    2.000058    1.991808    1.000029
    322    -0.008250    2.000000    1.991750    1.000000
    323    -0.008202    1.999953    1.991751    0.999977
    324    -0.008122    1.999921    1.991799    0.999961
    325    -0.008025    1.999905    1.991879    0.999952
    326    -0.007928    1.999903    1.991976    0.999952
    327    -0.007842    1.999915    1.992073    0.999957
    328    -0.007777    1.999936    1.992159    0.999968
    329    -0.007740    1.999962    1.992223    0.999981
    330    -0.007728    1.999988    1.992260    0.999994
    331    -0.007738    2.000010    1.992272    1.000005
    332    -0.007764    2.000025    1.992261    1.000012
    333    -0.007795    2.000031    1.992236    1.000015
    334    -0.007823    2.000029    1.992205    1.000014
    335    -0.007844    2.000020    1.992176    1.000010
    336    -0.007853    2.000008    1.992156    1.000004
    337    -0.007846    1.999993    1.992147    0.999997
    338    -0.007823    1.999977    1.992154    0.999989
    339    -0.007786    1.999963    1.992177    0.999981
    340    -0.007735    1.999949    1.992214    0.999975
    341    -0.007673    1.999938    1.992265    0.999969
    342    -0.007602    1.999929    1.992327    0.999965
    343    -0.007525    1.999923    1.992398    0.999961
    344    -0.007443    1.999919    1.992475    0.999959
    345    -0.007360    1.999917    1.992557    0.999958
    346    -0.007277    1.999917    1.992640    0.999958
    347    -0.007195    1.999918    1.992723    0.999959
    348    -0.007116    1.999921    1.992805    0.999961
    349    -0.007041    1.999925    1.992884    0.999962
    350    -0.006970    1.999929    1.992959    0.999965
    351    -0.006904    1.999934    1.993030    0.999967
    352    -0.006844    1.999939    1.993096    0.999970
    353    -0.006788    1.999945    1.993156    0.999972
    354    -0.006739    1.999950    1.993212    0.999975
    355    -0.006695    1.999956    1.993261    0.999978
    356    -0.006658    1.999963    1.993305    0.999981
    357    -0.006627    1.999969    1.993342    0.999985
    358    -0.006603    1.999976    1.993373    0.999988
    359    -0.006586    1.999983    1.993397    0.999992
    360    -0.006576    1.999991    1.993414    0.999995
    361    -0.006575    1.999999    1.993424    0.999999
    362    -0.006582    2.000007    1.993425    1.000004
    363    -0.006597    2.000015    1.993418    1.000008
    364    -0.006621    2.000024    1.993403    1.000012
    365    -0.006653    2.000032    1.993379    1.000016
    366    -0.006695    2.000041    1.993347    1.000021
    367    -0.006745    2.000050    1.993305    1.000025
    368    -0.006803    2.000059    1.993255    1.000029
    369    -0.006871    2.000068    1.993197    1.000034
    370    -0.006947    2.000076    1.993129    1.000038
    371    -0.007032    2.000085    1.993053    1.000042
    372    -0.007125    2.000093    1.992968    1.000046
    373    -0.007226    2.000101    1.992875    1.000051
    374    -0.007334    2.000108    1.992774    1.000054
    375    -0.007448    2.000114    1.992665    1.000057
    376    -0.007566    2.000118    1.992551    1.000059
    377    -0.007686    2.000120    1.992433    1.000060
    378    -0.007806    2.000119    1.992313    1.000059
    379    -0.007920    2.000114    1.992194    1.000057
    380    -0.008026    2.000105    1.992079    1.000052
    381    -0.008115    2.000088    1.991974    1.000044
    382    -0.008180    2.000064    1.991884    1.000032
    383    -0.008209    2.000029    1.991819    1.000014
    384    -0.008191    1.999981    1.991789    0.999990
    385    -0.008110    1.999917    1.991807    0.999959
    386    -0.007948    1.999836    1.991888    0.999918
    387    -0.007687    1.999737    1.992050    0.999869
    388    -0.007311    1.999622    1.992311    0.999811
    389    -0.006808    1.999496    1.992688    0.999748
    390    -0.006178    1.999370    1.993192    0.999685
    391    -0.005434    1.999258    1.993824    0.999629
    392    -0.004610    1.999178    1.994568    0.999589
    393    -0.003751    1.999144    1.995392    0.999572
    394    -0.002907    1.999158    1.996251    0.999579
    395    -0.002123    1.999216    1.997094    0.999608
    396    -0.001428    1.999306    1.997878    0.999653
    397    -0.000848    1.999421    1.998574    0.999711
    398    -0.000414    1.999569    1.999155    0.999784
    399    -0.000171    1.999760    1.999589    0.999880
    400    -0.000166    1.999996    1.999830    0.999998
    401    -0.000419    2.000251    1.999832    1.000126
    402    -0.000903    2.000478    1.999576    1.000239
    403    -0.001537    2.000627    1.999090    1.000313
    404    -0.002210    2.000666    1.998456    1.000333
    405    -0.002815    2.000601    1.997786    1.000300
    406    -0.003282    2.000467    1.997185    1.000233
    407    -0.003599    2.000320    1.996721    1.000160
    408    -0.003812    2.000219    1.996407    1.000110
    409    -0.004012    2.000207    1.996195    1.000104
    410    -0.004302    2.000295    1.995993    1.000148
    411    -0.004754    2.000453    1.995700    1.000227
    412    -0.005380    2.000623    1.995243    1.000312
    413    -0.006128    2.000743    1.994615    1.000371
    414    -0.006910    2.000777    1.993866    1.000388
    415    -0.007638    2.000724    1.993086    1.000362
    416    -0.008243    2.000603    1.992360    1.000302
    417    -0.008686    2.000442    1.991756    1.000221
    418    -0.008946    2.000260    1.991314    1.000130
    419    -0.009010    2.000063    1.991053    1.000032
    420    -0.008863    1.999851    1.990988    0.999926
    421    -0.008484    1.999617    1.991134    0.999809
    422    -0.007846    1.999359    1.991514    0.999680
    423    -0.006936    1.999090    1.992154    0.999545
    424    -0.005787    1.998856    1.993069    0.999428
    425    -0.004518    1.998745    1.994226    0.999372
    426    -0.003361    1.998861    1.995500    0.999430
    427    -0.002606    1.999259    1.996653    0.999630
    428    -0.002467    1.999861    1.997394    0.999931
    429    -0.002944    2.000463    1.997519    1.000232
    430    -0.003824    2.000862    1.997038    1.000431
    431    -0.004820    2.000983    1.996163    1.000492
    432    -0.005709    2.000884    1.995175    1.000442
    433    -0.006382    2.000674    1.994293    1.000337
    434    -0.006823    2.000445    1.993622    1.000223
    435    -0.007064    2.000246    1.993182    1.000123
    436    -0.007155    2.000095    1.992940    1.000048
    437    -0.007145    1.999993    1.992848    0.999997
    438    -0.007075    1.999933    1.992858    0.999966
    439    -0.006978    1.999905    1.992927    0.999953
    440    -0.006881    1.999904    1.993023    0.999952
    441    -0.006800    1.999920    1.993120    0.999960
    442    -0.006747    1.999948    1.993201    0.999974
    443    -0.006728    1.999980    1.993253    0.999990
    444    -0.006742    2.000014    1.993272    1.000007
    445    -0.006786    2.000044    1.993258    1.000022
    446    -0.006856    2.000069    1.993213    1.000035
    447    -0.006944    2.000087    1.993143    1.000044
    448    -0.007042    2.000098    1.993056    1.000049
    449    -0.007144    2.000101    1.992957    1.000051
    450    -0.007242    2.000097    1.992855    1.000049
    451    -0.007328    2.000085    1.992758    1.000043
    452    -0.007392    2.000064    1.992671    1.000032
    453    -0.007422    2.000028    1.992606    1.000014
    454    -0.007397    1.999973    1.992576    0.999986
    455    -0.007289    1.999889    1.992599    0.999944
    456    -0.007057    1.999762    1.992706    0.999881
    457    -0.006641    1.999578    1.992937    0.999789
    458    -0.005971    1.999323    1.993352    0.999661
    459    -0.004976    1.999000    1.994024    0.999500
    460    -0.003628    1.998654    1.995026    0.999327
    461    -0.002017    1.998404    1.996387    0.999202
    462    -0.000428    1.998439    1.998011    0.999219
    463     0.000686    1.998912    1.999598    0.999456
    464     0.000929    1.999760    2.000689    0.999880
    465     0.000258    2.000648    2.000906    1.000324
    466    -0.000982    2.001210    2.000228    1.000605
    467    -0.002320    2.001321    1.999000    1.000660
    468    -0.003430    2.001106    1.997676    1.000553
    469    -0.004192    2.000767    1.996575    1.000384
    470    -0.004630    2.000446    1.995816    1.000223
    471    -0.004828    2.000207    1.995378    1.000103
    472    -0.004884    2.000062    1.995178    1.000031
    473    -0.004878    1.999999    1.995121    0.999999
    474    -0.004871    1.999996    1.995125    0.999998
    475    -0.004898    2.000029    1.995131    1.000014
    476    -0.004974    2.000076    1.995102    1.000038
    477    -0.005097    2.000122    1.995025    1.000061
    478    -0.005252    2.000154    1.994902    1.000077
    479    -0.005420    2.000168    1.994748    1.000084
    480    -0.005586    2.000165    1.994579    1.000082
    481    -0.005734    2.000147    1.994413    1.000074
    482    -0.005853    2.000119    1.994266    1.000059
    483    -0.005936    2.000082    1.994146    1.000041
    484    -0.005976    2.000040    1.994064    1.000020
    485    -0.005967    1.999990    1.994023    0.999995
    486    -0.005901    1.999933    1.994032    0.999967
    487    -0.005767    1.999865    1.994098    0.999932
    488    -0.005550    1.999781    1.994231    0.999891
    489    -0.005233    1.999682    1.994448    0.999841
    490    -0.004801    1.999566    1.994765    0.999783
    491    -0.004244    1.999443    1.995199    0.999721
    492    -0.003574    1.999332    1.995758    0.999666
    493    -0.002834    1.999265    1.996431    0.999633
    494    -0.002113    1.999286    1.997173    0.999643
    495    -0.001532    1.999427    1.997895    0.999713
    496    -0.001214    1.999687    1.998473    0.999843
    497    -0.001232    2.000017    1.998785    1.000009
    498    -0.001572    2.000335    1.998762    1.000167
    499    -0.002143    2.000563    1.998420    1.000281
    500    -0.002817    2.000667    1.997851    1.000334
    501    -0.003480    2.000660    1.997180    1.000330
    502    -0.004061    2.000580    1.996519    1.000290
    503    -0.004528    2.000468    1.995939    1.000234
    504    -0.004879    2.000353    1.995474    1.000176
    505    -0.005128    2.000251    1.995123    1.000125
    506    -0.005294    2.000168    1.994874    1.000084
    507    -0.005397    2.000105    1.994707    1.000052
    508    -0.005455    2.000058    1.994604    1.000029
    509    -0.005480    2.000026    1.994546    1.000013
    510    -0.005482    2.000003    1.994521    1.000001
    511    -0.005469    1.999988    1.994519    0.999994
    512    -0.005447    1.999978    1.994531    0.999989
    513    -0.005419    1.999972    1.994553    0.999986
    514    -0.005388    1.999969    1.994581    0.999984
    515    -0.005355    1.999968    1.994612    0.999984
    516    -0.005323    1.999968    1.994644    0.999984
    517    -0.005291    1.999968    1.994677    0.999984
    518    -0.005261    1.999970    1.994709    0.999985
    519    -0.005232    1.999972    1.994739    0.999986
    520    -0.005208    1.999975    1.994768    0.999988
    521    -0.005188    1.999981    1.994792    0.999990
    522    -0.005175    1.999987    1.994812    0.999993
    523    -0.005170    1.999995    1.994825    0.999997
    524    -0.005174    2.000005    1.994830    1.000002
    525    -0.005191    2.000017    1.994826    1.000008
    526    -0.005221    2.000030    1.994809    1.000015
    527    -0.005268    2.000047    1.994779    1.000023
    528    -0.005332    2.000064    1.994733    1.000032
    529    -0.005414    2.000082    1.994668    1.000041
    530    -0.005514    2.000100    1.994586    1.000050
    531    -0.005631    2.000116    1.994486    1.000058
    532    -0.005763    2.000132    1.994369    1.000066
    533    -0.005909    2.000146    1.994237    1.000073
    534    -0.006066    2.000157    1.994092    1.000079
    535    -0.006233    2.000167    1.993934    1.000083
    536    -0.006406    2.000173    1.993767    1.000087
    537    -0.006583    2.000177    1.993594    1.000088
    538    -0.006762    2.000178    1.993417    1.000089
    539    -0.006939    2.000178    1.993238    1.000089
    540    -0.007114    2.000174    1.993061    1.000087
    541    -0.007282    2.000168    1.992886    1.000084
    542    -0.007442    2.000160    1.992717    1.000080
    543    -0.007591    2.000148    1.992557    1.000074
    544    -0.007722    2.000131    1.992409    1.000065
    545    -0.007830    2.000107    1.992278    1.000054
    546    -0.007907    2.000077    1.992169    1.000038
    547    -0.007944    2.000036    1.992092    1.000018
    548    -0.007929    1.999984    1.992054    0.999992
    549    -0.007848    1.999917    1.992069    0.999959
    550    -0.007684    1.999834    1.992150    0.999917
    551    -0.007421    1.999735    1.992314    0.999868
    552    -0.007045    1.999624    1.992579    0.999812
    553    -0.006557    1.999512    1.992955    0.999756
    554    -0.005975    1.999420    1.993445    0.999710
    555    -0.005349    1.999379    1.994030    0.999689
    556    -0.004763    1.999420    1.994657    0.999710
    557    -0.004320    1.999563    1.995243    0.999781
    558    -0.004112    1.999794    1.995682    0.999897
    559    -0.004179    2.000065    1.995886    1.000032
    560    -0.004490    2.000306    1.995816    1.000153
    561    -0.004961    2.000464    1.995503    1.000232
    562    -0.005488    2.000522    1.995034    1.000261
    563    -0.005987    2.000496    1.994509    1.000248
    564    -0.006411    2.000423    1.994013    1.000212
    565    -0.006748    2.000340    1.993591    1.000170
    566    -0.007016    2.000270    1.993254    1.000135
    567    -0.007241    2.000227    1.992986    1.000114
    568    -0.007450    2.000212    1.992761    1.000106
    569    -0.007666    2.000217    1.992551    1.000108
    570    -0.007897    2.000231    1.992334    1.000116
    571    -0.008142    2.000245    1.992103    1.000122
    572    -0.008392    2.000250    1.991858    1.000125
    573    -0.008636    2.000244    1.991607    1.000122
    574    -0.008863    2.000226    1.991363    1.000113
    575    -0.009062    2.000200    1.991137    1.000100
    576    -0.009230    2.000168    1.990938    1.000084
    577    -0.009364    2.000134    1.990770    1.000067
    578    -0.009466    2.000102    1.990636    1.000051
    579    -0.009537    2.000072    1.990535    1.000036
    580    -0.009582    2.000045    1.990463    1.000023
    581    -0.009605    2.000023    1.990418    1.000012
    582    -0.009610    2.000005    1.990395    1.000003
    583    -0.009601    1.999991    1.990391    0.999996
    584    -0.009582    1.999981    1.990399    0.999991
    585    -0.009557    1.999975    1.990418    0.999987
    586    -0.009527    1.999971    1.990444    0.999986
    587    -0.009498    1.999970    1.990473    0.999985
    588    -0.009470    1.999973    1.990502    0.999986
    589    -0.009447    1.999977    1.990530    0.999989
    590    -0.009432    1.999985    1.990553    0.999992
    591    -0.009426    1.999994    1.990568    0.999997
    592    -0.009432    2.000006    1.990574    1.000003
    593    -0.009453    2.000020    1.990568    1.000010
    594    -0.009489    2.000036    1.990548    1.000018
    595    -0.009540    2.000052    1.990511    1.000026
    596    -0.009607    2.000066    1.990459    1.000033
    597    -0.009687    2.000080    1.990393    1.000040
    598    -0.009776    2.000088    1.990312    1.000044
    599    -0.009865    2.000088    1.990223    1.000044
    600    -0.009942    2.000076    1.990134    1.000038
    601    -0.009990    2.000046    1.990056    1.000023
    602    -0.009983    1.999990    1.990007    0.999995
    603    -0.009887    1.999900    1.990013    0.999950
    604    -0.009656    1.999764    1.990108    0.999882
    605    -0.009236    1.999575    1.990339    0.999787
    606    -0.008577    1.999337    1.990760    0.999668
    607    -0.007656    1.999080    1.991423    0.999540
    608    -0.006526    1.998878    1.992352    0.999439
    609    -0.005361    1.998853    1.993492    0.999426
    610    -0.004462    1.999121    1.994660    0.999561
    611    -0.004146    1.999694    1.995548    0.999847
    612    -0.004555    2.000400    1.995845    1.000200
    613    -0.005554    2.000978    1.995424    1.000489
    614    -0.006823    2.001250    1.994427    1.000625
    615    -0.008048    2.001215    1.993167    1.000608
    616    -0.009035    2.000985    1.991950    1.000492
    617    -0.009710    2.000677    1.990967    1.000338
    618    -0.010073    2.000367    1.990294    1.000183
    619    -0.010154    2.000084    1.989930    1.000042
    620    -0.009986    1.999834    1.989848    0.999917
    621    -0.009602    1.999618    1.990016    0.999809
    622    -0.009039    1.999439    1.990400    0.999719
    623    -0.008341    1.999305    1.990964    0.999652
    624    -0.007561    1.999221    1.991660    0.999610
    625    -0.006739    1.999176    1.992438    0.999588
    626    -0.005883    1.999139    1.993257    0.999570
    627    -0.004965    1.999077    1.994112    0.999539
    628    -0.003963    1.998999    1.995035    0.999499
    629    -0.002954    1.999005    1.996051    0.999502
    630    -0.002199    1.999269    1.997070    0.999635
    631    -0.002081    1.999899    1.997818    0.999949
    632    -0.002847    2.000760    1.997912    1.000380
    633    -0.004379    2.001504    1.997125    1.000752
    634    -0.006251    2.001845    1.995595    1.000923
    635    -0.008018    2.001754    1.993736    1.000877
    636    -0.009415    2.001397    1.991982    1.000699
    637    -0.010370    2.000961    1.990591    1.000481
    638    -0.010926    2.000564    1.989638    1.000282
    639    -0.011171    2.000253    1.989082    1.000126
    640    -0.011199    2.000035    1.988836    1.000018
    641    -0.011096    1.999902    1.988806    0.999951
    642    -0.010930    1.999838    1.988908    0.999919
    643    -0.010753    1.999825    1.989073    0.999913
    644    -0.010596    1.999845    1.989248    0.999922
    645    -0.010476    1.999880    1.989404    0.999940
    646    -0.010392    1.999916    1.989523    0.999958
    647    -0.010338    1.999945    1.989607    0.999972
    648    -0.010304    1.999966    1.989662    0.999983
    649    -0.010285    1.999981    1.989696    0.999990
    650    -0.010280    1.999996    1.989716    0.999998
    651    -0.010294    2.000015    1.989720    1.000007
    652    -0.010333    2.000039    1.989706    1.000019
    653    -0.010398    2.000065    1.989667    1.000033
    654    -0.010489    2.000091    1.989602    1.000045
    655    -0.010600    2.000110    1.989510    1.000055
    656    -0.010719    2.000119    1.989400    1.000060
    657    -0.010837    2.000118    1.989280    1.000059
    658    -0.010944    2.000106    1.989162    1.000053
    659    -0.011032    2.000088    1.989056    1.000044
    660    -0.011098    2.000066    1.988968    1.000033
    661    -0.011142    2.000045    1.988903    1.000022
    662    -0.011168    2.000027    1.988859    1.000013
    663    -0.011183    2.000015    1.988832    1.000008
    664    -0.011193    2.000011    1.988818    1.000006
    665    -0.011207    2.000015    1.988807    1.000007
    666    -0.011233    2.000027    1.988794    1.000014
    667    -0.011280    2.000047    1.988767    1.000023
    668    -0.011351    2.000072    1.988720    1.000036
    669    -0.011452    2.000100    1.988649    1.000050
    670    -0.011580    2.000129    1.988548    1.000064
    671    -0.011735    2.000154    1.988419    1.000077
    672    -0.011909    2.000174    1.988265    1.000087
    673    -0.012096    2.000186    1.988090    1.000093
    674    -0.012286    2.000189    1.987903    1.000094
    675    -0.012468    2.000181    1.987713    1.000091
    676    -0.012631    2.000163    1.987531    1.000081
    677    -0.012766    2.000133    1.987368    1.000067
    678    -0.012859    2.000093    1.987233    1.000046
    679    -0.012901    2.000041    1.987140    1.000020
    680    -0.012879    1.999977    1.987098    0.999989
    681    -0.012784    1.999904    1.987120    0.999952
    682    -0.012611    1.999827    1.987215    0.999913
    683    -0.012364    1.999753    1.987389    0.999876
    684    -0.012058    1.999696    1.987638    0.999848
    685    -0.011730    1.999675    1.987944    0.999837
    686    -0.011431    1.999704    1.988273    0.999852
    687    -0.011221    1.999793    1.988572    0.999897
    688    -0.011153    1.999933    1.988780    0.999967
    689    -0.011249    2.000095    1.988846    1.000047
    690    -0.011492    2.000238    1.988747    1.000119
    691    -0.011821    2.000324    1.988503    1.000162
    692    -0.012158    2.000331    1.988173    1.000165
    693    -0.012417    2.000254    1.987837    1.000127
    694    -0.012527    2.000106    1.987579    1.000053
    695    -0.012435    1.999906    1.987470    0.999953
    696    -0.012115    1.999679    1.987564    0.999840
    697    -0.011573    1.999460    1.987887    0.999730
    698    -0.010856    1.999288    1.988432    0.999644
    699    -0.010060    1.999212    1.989152    0.999606
    700    -0.009318    1.999266    1.989948    0.999633
    701    -0.008761    1.999447    1.990686    0.999724
    702    -0.008463    1.999700    1.991237    0.999850
    703    -0.008401    1.999930    1.991529    0.999965
    704    -0.008464    2.000053    1.991589    1.000026
    705    -0.008505    2.000033    1.991528    1.000016
    706    -0.008402    1.999893    1.991491    0.999946
    707    -0.008097    1.999695    1.991599    0.999848
    708    -0.007607    1.999516    1.991909    0.999758
    709    -0.007026    1.999428    1.992402    0.999714
    710    -0.006494    1.999478    1.992984    0.999739
    711    -0.006161    1.999673    1.993512    0.999837
    712    -0.006128    1.999969    1.993841    0.999984
    713    -0.006419    2.000288    1.993869    1.000144
    714    -0.006985    2.000560    1.993576    1.000280
    715    -0.007742    2.000753    1.993012    1.000377
    716    -0.008615    2.000872    1.992256    1.000436
    717    -0.009554    2.000937    1.991384    1.000469
    718    -0.010519    2.000965    1.990445    1.000482
    719    -0.011478    2.000957    1.989479    1.000479
    720    -0.012391    2.000912    1.988520    1.000456
    721    -0.013219    2.000827    1.987607    1.000413
    722    -0.013928    2.000708    1.986780    1.000354
    723    -0.014492    2.000563    1.986071    1.000282
    724    -0.014893    2.000401    1.985508    1.000200
    725    -0.015122    2.000229    1.985107    1.000115
    726    -0.015175    2.000053    1.984878    1.000027
    727    -0.015052    1.999877    1.984825    0.999938
    728    -0.014755    1.999703    1.984948    0.999851
    729    -0.014289    1.999535    1.985245    0.999767
    730    -0.013668    1.999379    1.985712    0.999690
    731    -0.012911    1.999244    1.986333    0.999622
    732    -0.012047    1.999138    1.987091    0.999569
    733    -0.011117    1.999072    1.987955    0.999536
    734    -0.010175    1.999062    1.988887    0.999531
    735    -0.009301    1.999133    1.989832    0.999567
    736    -0.008609    1.999316    1.990707    0.999658
    737    -0.008225    1.999622    1.991397    0.999811
    738    -0.008239    2.000014    1.991775    1.000007
    739    -0.008646    2.000399    1.991753    1.000199
    740    -0.009329    2.000671    1.991341    1.000335
    741    -0.010108    2.000767    1.990660    1.000384
    742    -0.010810    2.000695    1.989885    1.000348
    743    -0.011318    2.000505    1.989187    1.000253
    744    -0.011575    2.000257    1.988682    1.000129
    745    -0.011573    2.000001    1.988427    1.000000
    746    -0.011340    1.999771    1.988430    0.999885
    747    -0.010934    1.999599    1.988665    0.999800
    748    -0.010444    1.999518    1.989074    0.999759
    749    -0.009987    1.999551    1.989564    0.999775
    750    -0.009683    1.999702    1.990019    0.999851
    751    -0.009618    1.999937    1.990319    0.999969
    752    -0.009813    2.000192    1.990379    1.000096
    753    -0.010214    2.000395    1.990181    1.000198
    754    -0.010726    2.000506    1.989780    1.000253
    755    -0.011248    2.000519    1.989270    1.000259
    756    -0.011708    2.000458    1.988750    1.000229
    757    -0.012065    2.000357    1.988292    1.000178
    758    -0.012307    2.000243    1.987936    1.000122
    759    -0.012440    2.000135    1.987695    1.000067
    760    -0.012478    2.000040    1.987562    1.000020
    761    -0.012439    1.999962    1.987523    0.999981
    762    -0.012338    1.999900    1.987562    0.999950
    763    -0.012190    1.999853    1.987663    0.999926
    764    -0.012008    1.999819    1.987811    0.999909
    765    -0.011805    1.999798    1.987993    0.999899
    766    -0.011595    1.999791    1.988196    0.999895
    767    -0.011390    1.999796    1.988406    0.999898
    768    -0.011202    1.999813    1.988611    0.999906
    769    -0.011042    1.999842    1.988799    0.999921
    770    -0.010922    1.999880    1.988958    0.999940
    771    -0.010847    1.999924    1.989078    0.999962
    772    -0.010817    1.999970    1.989153    0.999985
    773    -0.010828    2.000011    1.989182    1.000005
    774    -0.010872    2.000043    1.989171    1.000021
    775    -0.010935    2.000062    1.989127    1.000031
    776    -0.011001    2.000065    1.989064    1.000033
    777    -0.011055    2.000053    1.988998    1.000026
    778    -0.011080    2.000023    1.988944    1.000012
    779    -0.011058    1.999978    1.988919    0.999989
    780    -0.010976    1.999916    1.988940    0.999958
    781    -0.010818    1.999841    1.989023    0.999920
    782    -0.010573    1.999754    1.989181    0.999877
    783    -0.010234    1.999661    1.989427    0.999831
    784    -0.009806    1.999573    1.989767    0.999786
    785    -0.009310    1.999506    1.990196    0.999753
    786    -0.008788    1.999482    1.990694    0.999741
    787    -0.008308    1.999524    1.991216    0.999762
    788    -0.007946    1.999643    1.991697    0.999821
    789    -0.007773    1.999829    1.992056    0.999915
    790    -0.007825    2.000051    1.992227    1.000026
    791    -0.008093    2.000265    1.992172    1.000132
    792    -0.008527    2.000429    1.991903    1.000215
    793    -0.009055    2.000524    1.991469    1.000262
    794    -0.009610    2.000552    1.990942    1.000276
    795    -0.010142    2.000531    1.990389    1.000265
    796    -0.010624    2.000482    1.989858    1.000241
    797    -0.011045    2.000422    1.989377    1.000211
    798    -0.011406    2.000362    1.988956    1.000181
    799    -0.011714    2.000308    1.988595    1.000154
    800    -0.011975    2.000262    1.988287    1.000131
    801    -0.012194    2.000219    1.988026    1.000110
    802    -0.012372    2.000178    1.987806    1.000089
    803    -0.012505    2.000133    1.987628    1.000066
    804    -0.012585    2.000079    1.987494    1.000039
    805    -0.012597    2.000010    1.987413    1.000005
    806    -0.012519    1.999920    1.987401    0.999960
    807    -0.012330    1.999808    1.987479    0.999904
    808    -0.012009    1.999677    1.987668    0.999838
    809    -0.011548    1.999539    1.987991    0.999770
    810    -0.010967    1.999423    1.988455    0.999711
    811    -0.010331    1.999370    1.989038    0.999685
    812    -0.009747    1.999423    1.989676    0.999712
    813    -0.009338    1.999596    1.990258    0.999798
    814    -0.009188    1.999848    1.990660    0.999924
    815    -0.009283    2.000087    1.990804    1.000044
    816    -0.009510    2.000214    1.990704    1.000107
    817    -0.009692    2.000171    1.990479    1.000086
    818    -0.009669    1.999969    1.990301    0.999985
    819    -0.009342    1.999672    1.990330    0.999836
    820    -0.008706    1.999369    1.990663    0.999684
    821    -0.007855    1.999160    1.991305    0.999580
    822    -0.006974    1.999134    1.992160    0.999567
    823    -0.006306    1.999347    1.993040    0.999673
    824    -0.006078    1.999780    1.993701    0.999890
    825    -0.006410    2.000329    1.993919    1.000164
    826    -0.007260    2.000840    1.993580    1.000420
    827    -0.008461    2.001188    1.992727    1.000594
    828    -0.009801    2.001331    1.991530    1.000665
    829    -0.011109    2.001304    1.990195    1.000652
    830    -0.012280    2.001170    1.988890    1.000585
    831    -0.013262    2.000983    1.987721    1.000491
    832    -0.014036    2.000775    1.986739    1.000387
    833    -0.014596    2.000562    1.985965    1.000281
    834    -0.014942    2.000346    1.985404    1.000173
    835    -0.015068    2.000125    1.985057    1.000063
    836    -0.014963    1.999893    1.984930    0.999947
    837    -0.014610    1.999645    1.985035    0.999822
    838    -0.013989    1.999377    1.985388    0.999688
    839    -0.013083    1.999093    1.986010    0.999546
    840    -0.011893    1.998811    1.986918    0.999405
    841    -0.010457    1.998568    1.988111    0.999284
    842    -0.008869    1.998421    1.989552    0.999210
    843    -0.007289    1.998432    1.991143    0.999216
    844    -0.005925    1.998647    1.992723    0.999324
    845    -0.004976    1.999059    1.994083    0.999529
    846    -0.004566    1.999588    1.995022    0.999794
    847    -0.004684    2.000110    1.995426    1.000055
    848    -0.005208    2.000513    1.995305    1.000257
    849    -0.005970    2.000754    1.994784    1.000377
    850    -0.006824    2.000850    1.994025    1.000425
    851    -0.007675    2.000849    1.993174    1.000425
    852    -0.008471    2.000796    1.992326    1.000398
    853    -0.009194    2.000725    1.991531    1.000362
    854    -0.009848    2.000657    1.990809    1.000328
    855    -0.010448    2.000602    1.990154    1.000301
    856    -0.011008    2.000562    1.989554    1.000281
    857    -0.011537    2.000529    1.988993    1.000265
    858    -0.012029    2.000492    1.988463    1.000246
    859    -0.012471    2.000443    1.987971    1.000221
    860    -0.012850    2.000379    1.987528    1.000189
    861    -0.013153    2.000303    1.987150    1.000152
    862    -0.013374    2.000221    1.986847    1.000111
    863    -0.013512    2.000138    1.986627    1.000069
    864    -0.013570    2.000059    1.986489    1.000030
    865    -0.013555    1.999985    1.986430    0.999993
    866    -0.013473    1.999918    1.986446    0.999959
    867    -0.013330    1.999858    1.986527    0.999929
    868    -0.013132    1.999802    1.986670    0.999901
    869    -0.012883    1.999751    1.986868    0.999875
    870    -0.012585    1.999702    1.987117    0.999851
    871    -0.012239    1.999653    1.987415    0.999827
    872    -0.011844    1.999605    1.987761    0.999803
    873    -0.011400    1.999555    1.988155    0.999777
    874    -0.010903    1.999502    1.988599    0.999751
    875    -0.010349    1.999445    1.989096    0.999722
    876    -0.009733    1.999384    1.989651    0.999692
    877    -0.009058    1.999325    1.990266    0.999662
    878    -0.008334    1.999276    1.990942    0.999638
    879    -0.007588    1.999257    1.991669    0.999629
    880    -0.006880    1.999297    1.992417    0.999648
    881    -0.006301    1.999428    1.993127    0.999714
    882    -0.005964    1.999669    1.993705    0.999834
    883    -0.005961    1.999999    1.994038    0.999999
    884    -0.006319    2.000355    1.994036    1.000177
    885    -0.006981    2.000654    1.993673    1.000327
    886    -0.007823    2.000834    1.993011    1.000417
    887    -0.008707    2.000878    1.992171    1.000439
    888    -0.009522    2.000812    1.991290    1.000406
    889    -0.010202    2.000680    1.990477    1.000340
    890    -0.010722    2.000522    1.989799    1.000261
    891    -0.011086    2.000365    1.989280    1.000183
    892    -0.011308    2.000224    1.988916    1.000112
    893    -0.011411    2.000105    1.988694    1.000052
    894    -0.011416    2.000006    1.988590    1.000003
    895    -0.011342    1.999927    1.988585    0.999963
    896    -0.011203    1.999862    1.988659    0.999931
    897    -0.011013    1.999810    1.988797    0.999905
    898    -0.010780    1.999768    1.988988    0.999884
    899    -0.010513    1.999734    1.989221    0.999867
    900    -0.010221    1.999709    1.989487    0.999854
    901    -0.009913    1.999692    1.989780    0.999846
    902    -0.009598    1.999686    1.990088    0.999843
    903    -0.009288    1.999691    1.990403    0.999845
    904    -0.008994    1.999707    1.990713    0.999854
    905    -0.008729    1.999735    1.991006    0.999868
    906    -0.008503    1.999774    1.991271    0.999887
    907    -0.008321    1.999819    1.991497    0.999909
    908    -0.008187    1.999866    1.991678    0.999933
    909    -0.008098    1.999911    1.991812    0.999955
    910    -0.008048    1.999949    1.991901    0.999974
    911    -0.008027    1.999978    1.991952    0.999989
    912    -0.008026    1.999998    1.991972    0.999999
    913    -0.008034    2.000008    1.991974    1.000004
    914    -0.008044    2.000010    1.991966    1.000005
    915    -0.008051    2.000006    1.991955    1.000003
    916    -0.008050    1.999999    1.991949    0.999999
    917    -0.008040    1.999990    1.991950    0.999995
    918    -0.008020    1.999980    1.991961    0.999990
    919    -0.007992    1.999972    1.991980    0.999986
    920    -0.007957    1.999965    1.992008    0.999982
    921    -0.007916    1.999959    1.992043    0.999980
    922    -0.007870    1.999955    1.992084    0.999977
    923    -0.007822    1.999952    1.992130    0.999976
    924    -0.007771    1.999950    1.992179    0.999975
    925    -0.007719    1.999948    1.992229    0.999974
    926    -0.007666    1.999947    1.992281    0.999974
    927    -0.007613    1.999947    1.992334    0.999973
    928    -0.007559    1.999946    1.992387    0.999973
    929    -0.007503    1.999945    1.992441    0.999972
    930    -0.007448    1.999944    1.992496    0.999972
    931    -0.007391    1.999943    1.992552    0.999972
    932    -0.007334    1.999943    1.992609    0.999971
    933    -0.007277    1.999943    1.992666    0.999971
    934    -0.007221    1.999944    1.992723    0.999972
    935    -0.007167    1.999947    1.992779    0.999973
    936    -0.007118    1.999951    1.992833    0.999976
    937    -0.007076    1.999957    1.992882    0.999979
    938    -0.007041    1.999965    1.992925    0.999983
    939    -0.007015    1.999975    1.992960    0.999987
    940    -0.007001    1.999986    1.992985    0.999993
    941    -0.006999    1.999998    1.992999    0.999999
    942    -0.007010    2.000011    1.993001    1.000005
    943    -0.007033    2.000023    1.992990    1.000011
    944    -0.007067    2.000034    1.992967    1.000017
    945    -0.007112    2.000045    1.992933    1.000022
    946    -0.007165    2.000053    1.992888    1.000027
    947    -0.007226    2.000061    1.992835    1.000030
    948    -0.007292    2.000066    1.992774    1.000033
    949    -0.007362    2.000069    1.992708    1.000035
    950    -0.007433    2.000071    1.992638    1.000036
    951    -0.007505    2.000072    1.992567    1.000036
    952    -0.007577    2.000072    1.992495    1.000036
    953    -0.007648    2.000070    1.992423    1.000035
    954    -0.007716    2.000068    1.992352    1.000034
    955    -0.007781    2.000065    1.992284    1.000033
    956    -0.007843    2.000062    1.992219    1.000031
    957    -0.007900    2.000057    1.992157    1.000029
    958    -0.007953    2.000053    1.992100    1.000026
    959    -0.008000    2.000047    1.992047    1.000024
    960    -0.008041    2.000041    1.992000    1.000020
    961    -0.008074    2.000033    1.991959    1.000017
    962    -0.008099    2.000024    1.991926    1.000012
    963    -0.008112    2.000014    1.991901    1.000007
    964    -0.008114    2.000001    1.991888    1.000001
    965    -0.008102    1.999988    1.991886    0.999994
    966    -0.008074    1.999972    1.991898    0.999986
    967    -0.008029    1.999956    1.991926    0.999978
    968    -0.007968    1.999938    1.991971    0.999969
    969    -0.007889    1.999921    1.992032    0.999961
    970    -0.007795    1.999906    1.992111    0.999953
    971    -0.007688    1.999893    1.992205    0.999946
    972    -0.007571    1.999884    1.992312    0.999942
    973    -0.007451    1.999880    1.992429    0.999940
    974    -0.007332    1.999882    1.992550    0.999941
    975    -0.007223    1.999891    1.992668    0.999946
    976    -0.007129    1.999907    1.992778    0.999953
    977    -0.007057    1.999928    1.992871    0.999964
    978    -0.007011    1.999954    1.992943    0.999977
    979    -0.006992    1.999982    1.992989    0.999991
    980    -0.007003    2.000010    1.993008    1.000005
    981    -0.007042    2.000039    1.992997    1.000020
    982    -0.007109    2.000067    1.992958    1.000034
    983    -0.007202    2.000093    1.992890    1.000046
    984    -0.007320    2.000117    1.992797    1.000058
    985    -0.007457    2.000137    1.992680    1.000069
    986    -0.007611    2.000154    1.992543    1.000077
    987    -0.007777    2.000166    1.992389    1.000083
    988    -0.007950    2.000173    1.992223    1.000086
    989    -0.008125    2.000175    1.992050    1.000087
    990    -0.008298    2.000174    1.991875    1.000087
    991    -0.008467    2.000169    1.991702    1.000084
    992    -0.008628    2.000161    1.991533    1.000080
    993    -0.008779    2.000151    1.991372    1.000075
    994    -0.008919    2.000140    1.991221    1.000070
    995    -0.009048    2.000129    1.991081    1.000064
    996    -0.009164    2.000117    1.990952    1.000058
    997    -0.009268    2.000103    1.990836    1.000052
    998    -0.009357    2.000089    1.990732    1.000044
    999    -0.009429    2.000072    1.990643    1.000036
   1000    -0.009481    2.000051    1.990570    1.000026
